year,date,confirm_add,confirm,heal,dead
2020,02.29,1,1,0,0
2020,03.01,0,1,0,0
2020,03.02,2,3,0,0
2020,03.03,6,9,0,0
2020,03.04,11,20,1,0
2020,03.05,14,34,1,0
2020,03.06,3,37,1,0
2020,03.07,8,45,1,0
2020,03.08,6,55,1,0
2020,03.09,9,58,1,0
2020,03.10,7,65,1,0
2020,03.11,16,81,1,0
2020,03.12,28,109,2,0
2020,03.13,8,117,2,0
2020,03.14,17,134,2,0
2020,03.15,0,134,2,0
2020,03.16,37,171,2,0
2020,03.17,9,180,2,0
2020,03.18,40,220,2,0
2020,03.19,30,250,2,0
2020,03.20,80,330,2,0
2020,03.21,79,409,2,0
2020,03.22,64,473,5,1
2020,03.23,95,568,5,1
2020,03.24,20,588,5,1
2020,03.25,60,648,5,2
2020,03.26,91,739,5,2
2020,03.27,63,802,5,2
2020,03.28,88,890,82,2
2020,03.29,73,963,114,2
2020,03.30,57,1020,135,2
2020,03.31,115,1135,198,2
2020,04.01,85,1220,225,2
2020,04.02,99,1319,284,4
2020,04.03,45,1364,309,4
2020,04.04,53,1417,396,4
2020,04.05,69,1486,428,4
2020,04.06,76,1562,460,4
2020,04.07,24,1586,559,6
2020,04.08,30,1616,633,6
2020,04.09,0,1616,633,6
2020,04.10,59,1675,751,6
2020,04.11,14,1689,841,7
2020,04.12,12,1701,889,8
2020,04.13,0,1701,889,8
2020,04.14,10,1711,933,8
2020,04.15,16,1727,1077,8
2020,04.16,0,1727,1077,8
2020,04.17,27,1754,1224,9
2020,04.18,6,1760,1291,9
2020,04.19,11,1771,1291,9
2020,04.20,2,1773,1362,9
2020,04.21,5,1778,1417,10
2020,04.22,7,1785,1462,10
2020,04.23,4,1789,1509,10
2020,04.24,0,1789,1542,10
2020,04.25,1,1790,1570,10
2020,04.26,2,1792,1608,10
2020,04.27,0,1792,1608,10
2020,04.28,3,1795,1624,10
2020,04.29,2,1797,1656,10
2020,04.30,0,1797,1656,10
2020,05.01,0,1797,1670,10
2020,05.02,1,1798,1706,10
2020,05.03,0,1798,1706,10
2020,05.04,1,1799,1717,10
2020,05.05,0,1799,1723,10
2020,05.06,0,1799,1750,10
2020,05.07,0,1799,1750,10
2020,05.08,2,1801,1755,10
2020,05.09,0,1801,1765,10
2020,05.10,0,1801,1773,10
2020,05.11,0,1801,1773,10
2020,05.12,0,1801,1776,10
2020,05.13,1,1802,1780,10
2020,05.14,0,1802,1780,10
2020,05.15,0,1802,1782,10
2020,05.16,0,1802,1786,10
2020,05.17,0,1802,1786,10
2020,05.18,0,1802,1786,10
2020,05.19,0,1802,1789,10
2020,05.20,1,1803,1789,10
2020,05.21,0,1803,1789,10
2020,05.22,0,1803,1790,10
2020,05.23,1,1804,1791,10
2020,05.24,0,1804,1791,10
2020,05.25,0,1804,1791,10
2020,05.26,0,1804,1792,10
2020,05.27,1,1805,1792,10
2020,05.28,0,1805,1792,10
2020,05.29,0,1805,1794,10
2020,05.30,1,1806,1794,10
2020,05.31,0,1806,1794,10
2020,06.01,0,1806,1794,10
2020,06.02,0,1806,1794,10
2020,06.03,0,1806,1794,10
2020,06.04,0,1806,1794,10
2020,06.05,0,1806,1794,10
2020,06.06,0,1806,1794,10
2020,06.07,1,1807,1794,10
2020,06.08,0,1807,1794,10
2020,06.09,0,1807,1794,10
2020,06.10,0,1807,1794,10
2020,06.11,0,1807,1794,10
2020,06.12,0,1807,1794,10
2020,06.13,1,1808,1794,10
2020,06.14,2,1810,1796,10
2020,06.15,0,1810,1796,10
2020,06.16,2,1812,1796,10
2020,06.17,3,1815,1797,10
2020,06.18,1,1816,1801,10
2020,06.19,3,1819,1801,10
2020,06.20,3,1822,1801,10
2020,06.21,1,1823,1805,10
2020,06.22,0,1823,1805,10
2020,06.23,1,1824,1805,10
2020,06.24,0,1824,1806,10
2020,06.25,6,1830,1811,10
2020,06.26,2,1832,1813,10
2020,06.27,4,1836,1814,10
2020,06.28,0,1836,1814,10
2020,06.29,2,1838,1816,10
2020,06.30,4,1842,1819,10
2020,07.01,5,1847,1823,10
2020,07.02,3,1850,1828,10
2020,07.03,0,1850,1828,10
2020,07.04,5,1855,1832,10
2020,07.05,5,1860,1833,10
2020,07.06,6,1866,1840,10
2020,07.07,7,1873,1847,10
2020,07.08,7,1880,1850,10
2020,07.09,2,1882,1854,10
2020,07.10,0,1882,1854,10
2020,07.11,6,1888,1860,10
2020,07.12,8,1896,1865,10
2020,07.13,4,1900,1871,10
2020,07.14,5,1905,1882,10
2020,07.15,6,1911,1885,10
2020,07.16,0,1911,1885,10
2020,07.17,5,1916,1895,10
2020,07.18,6,1922,1902,10
2020,07.19,8,1930,1907,10
2020,07.20,0,1930,1907,10
2020,07.21,0,1930,1907,10
2020,07.22,-90,1840,1822,10
2020,07.23,1,1841,1823,10
2020,07.24,2,1843,1823,10
2020,07.25,0,1843,1823,10
2020,07.26,4,1847,1823,10
2020,07.27,7,1854,1823,10
2020,07.28,3,1857,1823,10
2020,07.29,4,1861,1823,10
2020,07.30,11,1872,1823,10
2020,07.31,13,1885,1825,10
2020,08.01,8,1893,1825,10
2020,08.02,14,1907,1825,10
2020,08.03,8,1915,1825,10
2020,08.04,3,1918,1825,10
2020,08.05,8,1926,1825,10
2020,08.06,6,1932,1825,10
2020,08.07,20,1952,1833,10
2020,08.08,3,1955,1833,10
2020,08.09,3,1958,1834,10
2020,08.10,4,1962,1838,10
2020,08.11,6,1968,1844,10
2020,08.12,4,1972,1847,10
2020,08.13,4,1976,1852,10
2020,08.14,7,1983,1861,10
2020,08.15,16,1999,1870,10
2020,08.16,12,2011,1880,10
2020,08.17,3,2014,1888,10
2020,08.18,13,2027,1895,10
2020,08.19,8,2035,1903,10
2020,08.20,5,2040,1913,10
2020,08.21,0,2040,1913,10
2020,08.22,18,2058,1936,10
2020,08.23,6,2064,1939,10
2020,08.24,9,2073,1946,10
2020,08.25,4,2077,1953,10
2020,08.26,5,2082,1957,10
2020,08.27,5,2087,1964,10
2020,08.28,5,2092,1964,10
2020,08.29,8,2100,1979,10
2020,08.30,5,2105,1990,10
2020,08.31,2,2107,1997,10
2020,09.01,9,2116,2007,10
2020,09.02,5,2121,2016,10
2020,09.03,7,2128,2023,10
2020,09.04,7,2135,2029,10
2020,09.05,1,2136,2038,10
2020,09.06,5,2141,2050,10
2020,09.07,2,2143,2057,10
2020,09.08,7,2150,2060,10
2020,09.09,3,2153,2067,10
2020,09.10,4,2157,2072,10
2020,09.11,4,2161,2079,10
2020,09.12,1,2162,2085,10
2020,09.13,3,2165,2092,10
2020,09.14,3,2168,2095,10
2020,09.15,6,2174,2102,10
2020,09.16,15,2189,2104,10
2020,09.17,17,2206,2112,10
2020,09.18,24,2230,2112,10
2020,09.19,77,2307,2116,10
2020,09.20,0,2307,2116,10
2020,09.21,70,2377,2125,10
2020,09.22,42,2419,2130,10
2020,09.23,57,2476,2142,10
2020,09.24,36,2512,2150,10
2020,09.25,49,2561,2151,10
2020,09.26,40,2601,2156,10
2020,09.27,22,2623,2158,10
2020,09.28,40,2663,2161,10
2020,09.29,32,2695,2162,10
2020,09.30,33,2728,2167,10
2020,10.01,41,2769,2177,10
2020,10.02,40,2809,2194,10
2020,10.03,63,2872,2212,10
2020,10.04,49,2921,2277,10
2020,10.05,59,2980,2300,10
2020,10.06,101,3081,2324,10
2020,10.07,91,3172,2366,10
2020,10.08,95,3267,2411,10
2020,10.09,106,3373,2448,10
2020,10.10,87,3460,2466,10
2020,10.11,66,3526,2499,10
2020,10.12,56,3582,2550,10
2020,10.13,86,3668,2587,10
2020,10.14,89,3757,2615,10
2020,10.15,80,3837,2657,10
2020,10.16,92,3929,2713,11
2020,10.17,69,3998,2745,11
2020,10.18,57,4055,2804,11
2020,10.19,46,4101,2856,11
2020,10.20,92,4193,2930,11
2020,10.21,37,4230,3013,11
2020,10.22,38,4268,3098,11
2020,10.23,40,4308,3187,11
2020,10.24,86,4394,3302,11
2020,10.25,54,4448,3395,11
2020,10.26,56,4504,3463,11
2020,10.27,70,4574,3515,11
2020,10.28,97,4671,3598,12
2020,10.29,48,4719,3701,12
2020,10.30,78,4797,3788,12
2020,10.31,68,4865,3873,12
2020,11.01,0,4865,3873,12
2020,11.02,66,4931,4931,12
2020,11.03,26,4957,4957,17
2020,11.04,32,4989,4174,17
2020,11.05,28,5017,4237,18
2020,11.06,22,5039,4286,18
2020,11.07,24,5063,4335,18
2020,11.08,15,5078,4423,20
2020,11.09,23,5101,4456,23
2020,11.10,0,5101,4456,23
2020,11.11,13,5114,4521,24
2020,11.12,46,5160,4663,25
2020,11.13,10,5170,4698,25
2020,11.14,16,5186,4767,25
2020,11.15,3,5189,4813,25
2020,11.16,16,5205,4840,25
2020,11.17,10,5215,4888,25
2020,11.18,11,5226,4934,25
2020,11.19,5,5231,4973,25
2020,11.20,20,5251,4993,26
2020,11.21,18,5269,5019,26
2020,11.22,8,5277,5046,26
2020,11.23,0,5277,5046,26
2020,11.24,21,5298,5086,26
2020,11.25,14,5312,5110,26
2020,11.26,11,5323,5131,26
2020,11.27,23,5346,5144,26
2020,11.28,25,5371,5152,26
2020,11.29,10,5381,5168,26
2020,11.30,11,5392,5179,26
2020,12.01,21,5413,5187,27
2020,12.02,0,5413,5187,27
2020,12.03,35,5448,5216,27
2020,12.04,14,5462,5223,27
2020,12.05,14,5476,5253,27
2020,12.06,6,5482,5269,27
2020,12.07,14,5496,5272,27
2020,12.08,10,5506,5292,28
2020,12.09,10,5516,5302,28
2020,12.10,8,5524,5313,28
2020,12.11,15,5539,5323,28
2020,12.12,13,5552,5346,28
2020,12.13,5,5557,5366,28
2020,12.14,7,5564,5392,28
2020,12.15,7,5571,5401,28
2020,12.16,7,5578,5421,28
2020,12.17,10,5588,5423,28
2020,12.18,16,5604,5449,28
2020,12.19,17,5621,5467,28
2020,12.20,21,5642,5478,28
2020,12.21,14,5656,5487,28
2020,12.22,11,5667,5500,28
2020,12.23,16,5683,5506,28
2020,12.24,0,5683,5506,28
2020,12.25,0,5683,5506,28
2020,12.26,0,5683,5506,28
2020,12.27,0,5683,5506,28
2020,12.28,43,5726,5555,28
2020,12.29,10,5736,5566,29
2020,12.30,18,5754,5578,29
2020,12.31,0,5754,5578,29
2021,01.01,0,5754,5578,29
2021,01.02,0,5754,5578,29
2021,01.03,0,5754,5578,29
2021,01.04,41,5795,5665,29
2021,01.05,16,5811,5671,29
2021,01.06,21,5832,5676,29
2021,01.07,13,5845,5690,29
2021,01.08,22,5867,5704,29
2021,01.09,13,5880,5706,29
2021,01.10,10,5890,5718,29
2021,01.11,8,5898,5726,29
2021,01.12,14,5912,5734,29
2021,01.13,23,5935,5742,29
2021,01.14,13,5948,5749,29
2021,01.15,8,5956,5767,29
2021,01.16,0,5956,5767,29
2021,01.17,0,5956,5767,29
2021,01.18,14,5970,5798,29
2021,01.19,0,5970,5814,29
2021,01.20,5,5975,5830,29
2021,01.21,6,5981,5846,29
2021,01.22,0,5981,5868,29
2021,01.23,0,5981,5868,29
2021,01.24,0,5981,5868,29
2021,01.25,9,5990,5900,29
2021,01.26,2,5992,5904,29
2021,01.27,8,6000,5915,29
2021,01.28,1,6001,5925,29
2021,01.29,1,6002,5930,29
2021,01.30,0,6002,5930,29
2021,01.31,0,6002,5930,29
2021,02.01,7,6009,5939,29
2021,02.02,2,6011,5942,29
2021,02.03,2,6013,5946,29
2021,02.04,3,6016,5954,29
2021,02.05,5,6021,5959,29
2021,02.06,0,6021,5959,29
2021,02.07,0,6021,5959,29
2021,02.08,-1,6020,5963,29
2021,02.09,5,6025,5968,29
2021,02.10,1,6026,5973,29
2021,02.11,0,6026,5976,29
2021,02.12,7,6033,5978,29
2021,02.13,0,6033,5978,29
2021,02.14,0,6033,5978,29
2021,02.15,6,6039,5984,29
2021,02.16,0,6039,5986,29
2021,02.17,5,6044,5986,29
2021,02.18,0,6044,5989,29
2021,02.19,1,6045,5989,29
2021,02.20,0,6045,5989,29
2021,02.21,0,6045,5989,29
2021,02.22,4,6049,5995,29
2021,02.23,0,6049,6003,29
2021,02.24,0,6049,6004,29
2021,02.25,0,6049,6005,29
2021,02.26,0,6049,6006,29
2021,02.27,0,6049,6006,29
2021,02.28,0,6049,6006,29
2021,03.01,5,6054,6012,29
2021,03.02,1,6055,6017,29
2021,03.03,3,6058,6018,29
2021,03.04,0,6058,6018,29
2021,03.05,1,6059,6020,29
2021,03.06,0,6059,6020,29
2021,03.07,0,6059,6020,29
2021,03.08,5,6064,6020,29
2021,03.09,3,6067,6022,29
2021,03.10,2,6069,6023,29
2021,03.11,1,6070,6023,29
2021,03.12,2,6072,6023,29
2021,03.13,0,6072,6023,29
2021,03.14,0,6072,6023,29
2021,03.15,11,6083,6027,29
2021,03.16,4,6087,6028,29
2021,03.17,2,6089,6029,29
2021,03.18,2,6091,6030,29
2021,03.19,6,6097,6033,29
2021,03.20,0,6097,6033,29
2021,03.21,0,6097,6033,29
2021,03.22,22,6119,6035,29
2021,03.23,3,6122,6036,29
2021,03.24,22,6144,6040,29
2021,03.25,14,6158,6040,29
2021,03.26,0,6158,6040,29
2021,03.27,5,6163,6039,29
2021,03.28,0,6163,6039,29
2021,03.29,20,6183,6049,29
2021,03.30,0,6183,6049,29
2021,03.31,22,6205,6058,29
2021,04.01,0,6205,6058,29
2021,04.02,0,6205,6058,29
2021,04.03,20,6225,6072,29
2021,04.04,0,6225,6072,29
2021,04.05,0,6225,6072,29
2021,04.06,16,6241,6089,29
2021,04.07,10,6251,6090,29
2021,04.08,0,6251,6090,29
2021,04.09,7,6258,6126,29
2021,04.10,0,6258,6126,29
2021,04.11,0,6258,6126,29
2021,04.12,9,6267,6140,29
2021,04.13,7,6274,6152,29
2021,04.14,1,6275,6163,29
2021,04.15,4,6279,6170,29
2021,04.16,7,6286,6184,29
2021,04.17,0,6286,6184,29
2021,04.18,0,6286,6184,29
2021,04.19,43,6329,6203,29
2021,04.20,21,6350,6208,29
2021,04.21,12,6362,6213,29
2021,04.22,17,6379,6223,29
2021,04.23,11,6390,6227,29
2021,04.24,0,6390,6227,29
2021,04.25,0,6390,6227,29
2021,04.26,39,6429,6231,29
2021,04.27,18,6447,6240,29
2021,04.28,9,6456,6244,29
2021,04.29,10,6466,6246,29
2021,04.30,6,6472,6253,29
2021,05.01,0,6472,6253,29
2021,05.02,0,6472,6253,29
2021,05.03,11,6483,6280,29
2021,05.04,8,6491,6295,29
2021,05.05,6,6497,6295,29
2021,05.06,3,6500,6332,29
2021,05.07,6,6506,6347,29
2021,05.08,0,6506,6347,29
2021,05.09,0,6506,6347,29
2021,05.10,13,6519,6390,29
2021,05.11,3,6522,6409,29
2021,05.12,4,6526,6422,29
2021,05.13,0,6526,6422,29
2021,05.14,11,6537,6445,29
2021,05.15,0,6537,6445,29
2021,05.16,0,6537,6445,29
2021,05.17,11,6548,6456,29
2021,05.18,1,6549,6462,29
2021,05.19,2,6551,6470,29
2021,05.20,4,6555,6476,29
2021,05.21,0,6555,6476,29
2021,05.22,0,6555,6476,29
2021,05.23,0,6555,6476,29
2021,05.24,0,6555,6476,29
2021,05.25,0,6555,6476,29
2021,05.26,0,6555,6476,29
2021,05.27,0,6555,6476,29
2021,05.28,0,6555,6476,29
2021,05.29,0,6555,6476,29
2021,05.30,0,6555,6476,29
2021,05.31,0,6555,6476,29
2021,06.01,0,6555,6476,29
2021,06.02,0,6555,6476,29
2021,06.03,0,6555,6476,29
2021,06.04,0,6555,6476,29
2021,06.05,0,6555,6476,29
2021,06.06,0,6555,6476,29
2021,06.07,0,6555,6476,29
2021,06.08,0,6555,6476,29
2021,06.09,0,6555,6476,29
2021,06.10,0,6555,6476,29
2021,06.11,0,6555,6476,29
2021,06.12,0,6555,6476,29
2021,06.13,0,6555,6476,29
2021,06.14,0,6555,6476,29
2021,06.15,0,6555,6476,29
2021,06.16,0,6555,6476,29
2021,06.17,0,6555,6476,29
2021,06.18,0,6555,6476,29
2021,06.19,0,6555,6476,29
2021,06.20,0,6555,6476,29
2021,06.21,0,6555,6476,29
2021,06.22,0,6555,6476,29
2021,06.23,0,6555,6476,29
2021,06.24,0,6555,6476,29
2021,06.25,0,6555,6476,29
2021,06.26,0,6555,6476,29
2021,06.27,0,6555,6476,29
2021,06.28,0,6555,6476,29
2021,06.29,0,6555,6476,29
2021,06.30,0,6555,6476,29
2021,07.01,0,6555,6476,29
2021,07.02,0,6555,6476,29
2021,07.03,0,6555,6476,29
2021,07.04,0,6555,6476,29
2021,07.05,0,6555,6476,29
2021,07.06,0,6555,6476,29
2021,07.07,0,6555,6476,29
2021,07.08,0,6555,6476,29
2021,07.09,0,6555,6476,29
2021,07.10,0,6555,6476,29
2021,07.11,0,6555,6476,29
2021,07.12,0,6555,6476,29
2021,07.13,0,6555,6476,29
2021,07.14,0,6555,6476,29
2021,07.15,0,6555,6476,29
2021,07.16,0,6555,6476,29
2021,07.17,0,6555,6476,29
2021,07.18,0,6555,6476,29
2021,07.19,0,6555,6476,29
2021,07.20,0,6555,6476,29
2021,07.21,342,6897,6644,30
2021,07.22,70,6967,6652,30
2021,07.23,87,7054,6653,30
2021,07.24,0,7054,6653,30
2021,07.25,179,7233,6658,30
2021,07.26,71,7304,6665,30
2021,07.27,85,7389,6668,30
2021,07.28,156,7545,6668,30
2021,07.29,131,7676,6680,30
2021,07.30,125,7801,6699,30
2021,07.31,158,7959,6716,30
2021,08.01,92,8051,6795,30
2021,08.02,71,8122,6848,30
2021,08.03,111,8233,6899,30
2021,08.04,120,8353,6993,30
2021,08.05,155,8508,7087,30
2021,08.06,0,8508,7087,30
2021,08.07,105,8613,7087,30
2021,08.08,125,8738,7087,30
2021,08.09,162,8900,7087,30
2021,08.10,56,8956,7087,30
2021,08.11,170,9126,7087,30
2021,08.12,120,9246,7087,30
2021,08.13,130,9376,7087,30
2021,08.14,82,9458,7087,30
2021,08.15,64,9522,7087,30
2021,08.16,56,9578,7087,30
2021,08.17,104,9682,7087,30
2021,08.18,130,9812,7087,30
2021,08.19,104,9916,7087,30
2021,08.20,64,9980,7087,30
2021,08.21,73,10053,7087,30
2021,08.22,62,10115,7087,30
2021,08.23,62,10177,7087,30
2021,08.24,77,10254,7087,30
2021,08.25,87,10341,7087,30
2021,08.26,102,10443,7087,31
2021,08.27,71,10514,7087,32
2021,08.28,91,10605,7087,32
