year,date,confirm_add,confirm,heal,dead
2020,03.15,1,1,0,0
2020,03.16,0,1,0,0
2020,03.17,0,1,0,0
2020,03.18,0,1,0,0
2020,03.19,2,3,0,0
2020,03.20,0,3,0,0
2020,03.21,0,3,0,0
2020,03.22,1,4,0,0
2020,03.23,-1,3,0,0
2020,03.24,1,4,0,0
2020,03.25,0,4,0,0
2020,03.26,0,4,0,0
2020,03.27,0,4,0,0
2020,03.28,15,19,0,0
2020,03.29,0,19,0,0
2020,03.30,0,19,0,0
2020,03.31,0,19,0,0
2020,04.01,0,19,0,0
2020,04.02,3,22,2,2
2020,04.03,0,22,2,2
2020,04.04,0,22,2,2
2020,04.05,23,45,2,5
2020,04.06,0,45,2,5
2020,04.07,0,45,2,5
2020,04.08,0,45,2,5
2020,04.09,15,60,5,5
2020,04.10,0,60,5,5
2020,04.11,0,60,5,5
2020,04.12,0,60,5,5
2020,04.13,0,60,5,5
2020,04.14,0,60,5,5
2020,04.15,14,74,10,5
2020,04.16,43,117,11,5
2020,04.17,0,117,11,5
2020,04.18,26,143,11,6
2020,04.19,0,143,11,6
2020,04.20,17,160,16,6
2020,04.21,0,160,16,6
2020,04.22,5,165,16,6
2020,04.23,21,186,16,6
2020,04.24,0,186,16,6
2020,04.25,14,200,19,6
2020,04.26,0,200,19,6
2020,04.27,0,200,19,6
2020,04.28,7,207,19,8
2020,04.29,0,207,19,8
2020,04.30,13,220,19,9
2020,05.01,0,220,19,9
2020,05.02,9,229,25,9
2020,05.03,0,229,25,9
2020,05.04,0,229,25,9
2020,05.05,7,236,26,10
2020,05.06,0,236,26,10
2020,05.07,28,264,30,10
2020,05.08,10,274,33,10
2020,05.09,0,274,33,10
2020,05.10,0,274,33,10
2020,05.11,0,274,33,10
2020,05.12,59,333,53,11
2020,05.13,0,333,53,11
2020,05.14,0,333,53,11
2020,05.15,58,391,87,15
2020,05.16,0,391,87,15
2020,05.17,0,391,87,15
2020,05.18,0,391,87,15
2020,05.19,21,412,110,15
2020,05.20,8,420,132,15
2020,05.21,0,420,132,15
2020,05.22,49,469,137,16
2020,05.23,0,469,137,16
2020,05.24,18,487,147,16
2020,05.25,0,487,147,16
2020,05.26,0,487,147,16
2020,05.27,0,487,147,16
2020,05.28,84,571,161,19
2020,05.29,0,571,161,19
2020,05.30,0,571,161,19
2020,05.31,0,571,161,19
2020,06.01,40,611,179,20
2020,06.02,0,611,179,20
2020,06.03,0,611,179,20
2020,06.04,0,611,179,20
2020,06.05,0,611,179,20
2020,06.06,24,635,182,20
2020,06.07,48,683,210,22
2020,06.08,0,683,210,22
2020,06.09,0,683,210,22
2020,06.10,45,728,221,24
2020,06.11,0,728,221,24
2020,06.12,0,728,221,24
2020,06.13,0,728,221,24
2020,06.14,0,728,221,24
2020,06.15,0,728,221,24
2020,06.16,155,883,391,27
2020,06.17,0,883,391,27
2020,06.18,0,883,391,27
2020,06.19,0,883,391,27
2020,06.20,0,883,391,27
2020,06.21,0,883,391,27
2020,06.22,0,883,391,27
2020,06.23,204,1087,456,37
2020,06.24,0,1087,456,37
2020,06.25,0,1087,456,37
2020,06.26,0,1087,456,37
2020,06.27,0,1087,456,37
2020,06.28,0,1087,456,37
2020,06.29,0,1087,456,37
2020,06.30,0,1087,456,37
2020,07.01,0,1087,456,37
2020,07.02,295,1382,486,41
2020,07.03,0,1382,486,41
2020,07.04,175,1557,501,44
2020,07.05,0,1557,501,44
2020,07.06,0,1557,501,44
2020,07.07,0,1557,501,44
2020,07.08,0,1557,501,44
2020,07.09,264,1821,525,47
2020,07.10,0,1821,525,47
2020,07.11,207,2028,589,47
2020,07.12,0,2028,589,47
2020,07.13,0,2028,589,47
2020,07.14,0,2028,589,47
2020,07.15,194,2222,589,47
2020,07.16,0,2222,589,47
2020,07.17,136,2358,589,48
2020,07.18,275,2633,626,49
2020,07.19,0,2633,626,49
2020,07.20,0,2633,626,49
2020,07.21,218,2851,666,50
2020,07.22,0,2851,666,50
2020,07.23,0,2851,666,50
2020,07.24,187,3038,756,51
2020,07.25,0,3038,756,51
2020,07.26,0,3038,756,51
2020,07.27,0,3038,756,51
2020,07.28,162,3200,829,54
2020,07.29,0,3200,829,54
2020,07.30,0,3200,829,54
2020,07.31,0,3200,829,54
2020,08.01,0,3200,829,54
2020,08.02,0,3200,829,54
2020,08.03,0,3200,829,54
2020,08.04,346,3546,1589,58
2020,08.05,0,3546,1589,58
2020,08.06,0,3546,1589,58
2020,08.07,0,3546,1589,58
2020,08.08,91,3637,1589,58
2020,08.09,27,3664,1589,58
2020,08.10,0,3664,1589,58
2020,08.11,0,3664,1589,58
2020,08.12,81,3745,1625,60
2020,08.13,0,3745,1625,60
2020,08.14,0,3745,1625,60
2020,08.15,0,3745,1625,60
2020,08.16,0,3745,1625,60
2020,08.17,86,3831,1625,76
2020,08.18,0,3831,1625,76
2020,08.19,0,3831,1625,76
2020,08.20,19,3850,1625,77
2020,08.21,0,3850,1625,77
2020,08.22,0,3850,1625,77
2020,08.23,0,3850,1625,77
2020,08.24,0,3850,1625,77
2020,08.25,129,3979,1742,78
2020,08.26,0,3979,1742,78
2020,08.27,0,3979,1742,78
2020,08.28,0,3979,1742,78
2020,08.29,0,3979,1742,78
2020,08.30,0,3979,1742,78
2020,08.31,0,3979,1742,78
2020,09.01,0,3979,1742,78
2020,09.02,0,3979,1742,78
2020,09.03,649,4628,1742,102
2020,09.04,0,4628,1742,102
2020,09.05,0,4628,1742,102
2020,09.06,0,4628,1742,102
2020,09.07,0,4628,1742,102
2020,09.08,263,4891,3887,102
2020,09.09,0,4891,3887,114
2020,09.10,0,4891,3887,114
2020,09.11,0,4891,3887,83
2020,09.12,37,4928,3887,88
2020,09.13,0,4928,3887,88
2020,09.14,0,4928,3887,88
2020,09.15,6,4934,3887,88
2020,09.16,0,4934,3887,88
2020,09.17,0,4934,3887,88
2020,09.18,0,4934,3887,88
2020,09.19,46,4980,3887,89
2020,09.20,6,4986,3887,89
2020,09.21,0,4986,3887,89
2020,09.22,16,5002,3887,89
2020,09.23,0,5002,3887,89
2020,09.24,3,5005,3887,89
2020,09.25,0,5005,3887,89
2020,09.26,0,5005,3887,89
2020,09.27,0,5005,3887,89
2020,09.28,3,5008,3887,89
2020,09.29,0,5008,3887,89
2020,09.30,0,5008,3887,89
2020,10.01,81,5089,3887,89
2020,10.02,0,5089,3887,89
2020,10.03,0,5089,3887,89
2020,10.04,0,5089,3887,89
2020,10.05,0,5089,3887,89
2020,10.06,0,5089,3887,89
2020,10.07,0,5089,3887,89
2020,10.08,0,5089,3887,89
2020,10.09,0,5089,3887,89
2020,10.10,29,5118,3887,90
2020,10.11,0,5118,3887,90
2020,10.12,0,5118,3887,90
2020,10.13,0,5118,3887,90
2020,10.14,0,5118,3887,90
2020,10.15,38,5156,3887,92
2020,10.16,0,5156,3887,92
2020,10.17,0,5156,3887,92
2020,10.18,0,5156,3887,92
2020,10.19,0,5156,3887,92
2020,10.20,0,5156,3887,92
2020,10.21,0,5156,3887,92
2020,10.22,0,5156,3887,92
2020,10.23,0,5156,3887,92
2020,10.24,0,5156,3887,92
2020,10.25,97,5253,3887,92
2020,10.26,0,5253,3887,92
2020,10.27,0,5253,3887,92
2020,10.28,0,5253,3887,92
2020,10.29,0,5253,3887,92
2020,10.30,37,5290,3887,92
2020,10.31,0,5290,3887,92
2020,11.01,0,5290,3887,92
2020,11.02,0,5290,3887,92
2020,11.03,0,5290,3887,92
2020,11.04,58,5348,3887,92
2020,11.05,0,5348,3887,92
2020,11.06,0,5348,3887,92
2020,11.07,31,5379,3887,92
2020,11.08,0,5379,3887,92
2020,11.09,0,5379,3887,92
2020,11.10,0,5379,3887,92
2020,11.11,0,5379,3887,92
2020,11.12,0,5379,3887,92
2020,11.13,0,5379,3887,92
2020,11.14,136,5515,3887,92
2020,11.15,0,5515,3887,92
2020,11.16,0,5515,3887,92
2020,11.17,0,5515,3887,92
2020,11.18,0,5515,3887,92
2020,11.19,0,5515,3887,92
2020,11.20,117,5632,3887,93
2020,11.21,0,5632,3887,93
2020,11.22,0,5632,3887,93
2020,11.23,0,5632,3887,93
2020,11.24,0,5632,4988,93
2020,11.25,0,5632,4988,93
2020,11.26,0,5632,4988,93
2020,11.27,0,5632,4988,93
2020,11.28,142,5774,4988,94
2020,11.29,0,5774,4988,94
2020,11.30,0,5774,4988,94
2020,12.01,0,5774,4988,94
2020,12.02,0,5774,4988,94
2020,12.03,0,5774,4988,94
2020,12.04,0,5774,4988,94
2020,12.05,0,5774,4988,94
2020,12.06,0,5774,4988,94
2020,12.07,0,5774,4988,94
2020,12.08,0,5774,4988,94
2020,12.09,0,5774,4988,94
2020,12.10,275,6049,4988,99
2020,12.11,0,6049,4988,99
2020,12.12,0,6049,4988,99
2020,12.13,0,6049,4988,99
2020,12.14,0,6049,4988,99
2020,12.15,151,6200,4988,100
2020,12.16,0,6200,4988,100
2020,12.17,0,6200,4988,100
2020,12.18,0,6200,4988,100
2020,12.19,0,6200,4988,100
2020,12.20,0,6200,4988,100
2020,12.21,0,6200,4988,100
2020,12.22,0,6200,4988,100
2020,12.23,371,6571,4988,100
2020,12.24,0,6571,4988,100
2020,12.25,0,6571,4988,100
2020,12.26,0,6571,4988,100
2020,12.27,337,6908,5831,107
2020,12.28,0,6908,5831,107
2020,12.29,0,6908,5831,107
2020,12.30,0,6908,5831,107
2020,12.31,0,6908,5831,107
2021,01.01,199,7107,5846,108
2021,01.02,0,7107,5846,108
2021,01.03,0,7107,5846,108
2021,01.04,0,7107,5846,108
2021,01.05,0,7107,5846,108
2021,01.06,0,7107,5846,108
2021,01.07,20,7127,5846,108
2021,01.08,0,7127,5846,108
2021,01.09,0,7127,5846,108
2021,01.10,0,7127,5846,108
2021,01.11,0,7127,5846,108
2021,01.12,0,7127,5846,108
2021,01.13,33,7160,5846,112
2021,01.14,0,7160,5846,112
2021,01.15,0,7160,5846,112
2021,01.16,549,7709,5846,114
2021,01.17,0,7709,5846,114
2021,01.18,0,7709,5846,114
2021,01.19,0,7709,5846,114
2021,01.20,0,7709,5846,114
2021,01.21,0,7709,5846,114
2021,01.22,85,7794,5846,117
2021,01.23,0,7794,5846,117
2021,01.24,0,7794,5846,117
2021,01.25,0,7794,5846,117
2021,01.26,93,7887,5846,117
2021,01.27,0,7887,5846,117
2021,01.28,0,7887,5846,117
2021,01.29,0,7887,5846,117
2021,01.30,0,7887,5846,117
2021,01.31,0,7887,5846,117
2021,02.01,0,7887,5846,117
2021,02.02,0,7887,5846,117
2021,02.03,0,7887,5846,117
2021,02.04,0,7887,5846,117
2021,02.05,173,8060,5846,122
2021,02.06,0,8060,5846,122
2021,02.07,0,8060,5846,122
2021,02.08,0,8060,5846,122
2021,02.09,0,8060,5846,122
2021,02.10,0,8060,5846,122
2021,02.11,294,8354,5846,122
2021,02.12,0,8354,7019,122
2021,02.13,65,8419,7019,123
2021,02.14,0,8419,7019,123
2021,02.15,0,8419,7019,123
2021,02.16,0,8419,7019,123
2021,02.17,0,8419,7019,123
2021,02.18,0,8419,7019,123
2021,02.19,0,8419,7019,123
2021,02.20,0,8419,7019,123
2021,02.21,0,8419,7019,123
2021,02.22,206,8625,7019,127
2021,02.23,0,8625,7019,127
2021,02.24,0,8625,7019,127
2021,02.25,195,8820,7019,128
2021,02.26,0,8820,7019,128
2021,02.27,0,8820,7019,128
2021,02.28,0,8820,7019,128
2021,03.01,0,8820,7019,128
2021,03.02,0,8820,7019,128
2021,03.03,0,8820,7019,128
2021,03.04,0,8820,7019,128
2021,03.05,359,9179,7019,131
2021,03.06,0,9179,7514,131
2021,03.07,0,9179,7514,131
2021,03.08,0,9179,7514,131
2021,03.09,0,9179,7514,131
2021,03.10,0,9179,7514,131
2021,03.11,150,9329,7514,131
2021,03.12,0,9329,7514,131
2021,03.13,0,9329,7514,131
2021,03.14,0,9329,7514,131
2021,03.15,0,9329,7514,131
2021,03.16,0,9329,7514,131
2021,03.17,0,9329,7514,131
2021,03.18,0,9329,7514,131
2021,03.19,235,9564,7514,134
2021,03.20,0,9564,7514,134
2021,03.21,0,9564,7514,134
2021,03.22,0,9564,7514,134
2021,03.23,0,9564,7514,134
2021,03.24,0,9564,7514,134
2021,03.25,117,9681,7514,135
2021,03.26,0,9681,8208,135
2021,03.27,0,9681,8208,135
2021,03.28,0,9681,8208,135
2021,03.29,0,9681,8208,135
2021,03.30,0,9681,8208,135
2021,03.31,0,9681,8208,135
2021,04.01,0,9681,8208,135
2021,04.02,0,9681,8208,135
2021,04.03,0,9681,8208,135
2021,04.04,0,9681,8208,135
2021,04.05,0,9681,8208,135
2021,04.06,0,9681,8208,135
2021,04.07,403,10084,8208,137
2021,04.08,0,10084,8208,137
2021,04.09,0,10084,8208,137
2021,04.10,0,10084,8208,137
2021,04.11,0,10084,8208,137
2021,04.12,0,10084,8208,137
2021,04.13,0,10084,8208,137
2021,04.14,0,10084,8208,137
2021,04.15,0,10084,8208,139
2021,04.16,0,10084,8208,139
2021,04.17,0,10084,8208,139
2021,04.18,0,10084,8208,139
2021,04.19,0,10084,8208,139
2021,04.20,0,10084,8208,139
2021,04.21,0,10084,8208,139
2021,04.22,0,10084,8208,139
2021,04.23,0,10084,8208,139
2021,04.24,0,10084,8208,139
2021,04.25,0,10084,8208,139
2021,04.26,594,10678,8208,144
2021,04.27,0,10678,8208,144
2021,04.28,0,10678,8208,144
2021,04.29,0,10678,8208,144
2021,04.30,0,10678,8208,144
2021,05.01,0,10678,8208,144
2021,05.02,0,10678,8208,144
2021,05.03,0,10678,8208,144
2021,05.04,338,11016,8208,147
2021,05.05,0,11016,8208,147
2021,05.06,0,11016,8208,147
2021,05.07,0,11016,8208,147
2021,05.08,131,11147,8208,148
2021,05.09,0,11147,8208,148
2021,05.10,0,11147,8208,148
2021,05.11,196,11343,8208,148
2021,05.12,0,11343,8208,148
2021,05.13,0,11343,8208,148
2021,05.14,0,11343,8208,148
2021,05.15,0,11343,8208,148
2021,05.16,0,11343,8208,148
2021,05.17,0,11343,8208,148
2021,05.18,0,11343,8208,148
2021,05.19,0,11343,8208,148
2021,05.20,133,11476,8208,150
2021,05.21,0,11476,8208,150
2021,05.22,0,11476,8208,150
2021,05.23,0,11476,8208,150
2021,05.24,0,11476,8208,150
2021,05.25,0,11476,8208,150
2021,05.26,182,11658,8208,153
2021,05.27,0,11658,8208,153
2021,05.28,0,11658,8208,153
2021,05.29,0,11658,8208,153
2021,05.30,0,11658,8208,153
2021,05.31,0,11658,8208,153
2021,06.01,0,11658,8208,153
2021,06.02,0,11658,10591,153
2021,06.03,187,11845,10591,154
2021,06.04,0,11845,10591,154
2021,06.05,75,11920,10591,155
2021,06.06,0,11920,10591,155
2021,06.07,0,11920,10591,155
2021,06.08,106,12026,11110,157
2021,06.09,0,12026,11110,157
2021,06.10,0,12026,11110,157
2021,06.11,0,12026,11110,157
2021,06.12,0,12026,11110,157
2021,06.13,95,12121,11211,160
2021,06.14,0,12121,11211,160
2021,06.15,0,12121,11211,160
2021,06.16,0,12121,11211,160
2021,06.17,0,12121,11211,160
2021,06.18,177,12298,11211,161
2021,06.19,0,12298,11211,161
2021,06.20,0,12298,11211,161
2021,06.21,0,12298,11211,161
2021,06.22,0,12298,11211,161
2021,06.23,106,12404,11211,164
2021,06.24,0,12404,11211,164
2021,06.25,0,12404,11211,164
2021,06.26,81,12485,11211,165
2021,06.27,0,12485,11211,165
2021,06.28,0,12485,11211,165
2021,06.29,0,12485,11211,165
2021,06.30,111,12596,11211,165
2021,07.01,0,12596,11211,165
2021,07.02,99,12695,11211,166
2021,07.03,0,12695,11211,166
2021,07.04,0,12695,11211,166
2021,07.05,0,12695,11211,166
2021,07.06,95,12790,11759,167
2021,07.07,0,12790,11759,167
2021,07.08,0,12790,11759,167
2021,07.09,0,12790,11759,167
2021,07.10,0,12790,11759,167
2021,07.11,0,12790,11759,167
2021,07.12,0,12790,11759,167
2021,07.13,0,12790,11759,167
2021,07.14,0,12790,11759,167
2021,07.15,0,12790,11759,167
2021,07.16,143,12933,11759,172
2021,07.17,0,12933,11759,172
2021,07.18,0,12933,11759,172
2021,07.19,0,12933,11759,172
2021,07.20,65,12998,11759,174
2021,07.21,52,13050,11759,176
2021,07.22,0,13050,11759,176
2021,07.23,0,13050,11759,176
2021,07.24,67,13117,11759,176
2021,07.25,0,13117,11759,176
2021,07.26,0,13117,11759,176
2021,07.27,39,13156,11759,177
2021,07.28,0,13156,11759,177
2021,07.29,0,13156,11759,177
2021,07.30,0,13156,11759,177
2021,07.31,30,13186,12421,178
2021,08.01,0,13186,12421,178
2021,08.02,0,13186,12421,178
2021,08.03,30,13216,12421,178
2021,08.04,0,13216,12421,178
2021,08.05,0,13216,12421,178
2021,08.06,0,13216,12421,178
2021,08.07,0,13216,12421,178
2021,08.08,0,13216,12421,178
2021,08.09,0,13216,12421,178
2021,08.10,77,13293,12421,179
2021,08.11,0,13293,12421,179
2021,08.12,0,13293,12421,179
2021,08.13,63,13356,12421,179
2021,08.14,0,13356,12421,179
2021,08.15,0,13356,12421,179
2021,08.16,0,13356,12421,179
2021,08.17,42,13398,12421,179
2021,08.18,0,13398,12421,179
2021,08.19,0,13398,12421,179
2021,08.20,0,13398,12421,179
2021,08.21,0,13398,12421,179
2021,08.22,0,13398,12421,179
2021,08.23,0,13398,12421,179
2021,08.24,95,13493,12421,179
2021,08.25,0,13493,12421,179
2021,08.26,0,13493,12421,179
2021,08.27,40,13533,12421,183
2021,08.28,0,13533,12421,183
