year,date,confirm_add,confirm,heal,dead
2020,03.13,1,1,0,0
2020,03.14,0,1,0,0
2020,03.15,0,1,0,0
2020,03.16,0,1,0,0
2020,03.17,0,1,0,0
2020,03.18,2,3,0,0
2020,03.19,0,3,0,0
2020,03.20,1,4,0,1
2020,03.21,0,4,0,1
2020,03.22,1,5,0,1
2020,03.23,0,5,0,1
2020,03.24,1,6,0,1
2020,03.25,0,6,0,1
2020,03.26,1,7,0,1
2020,03.27,2,7,0,1
2020,03.28,0,7,0,1
2020,03.29,0,7,0,1
2020,03.30,0,7,0,1
2020,03.31,9,16,0,1
2020,04.01,2,18,0,1
2020,04.02,0,18,0,1
2020,04.03,3,21,1,1
2020,04.04,0,21,1,1
2020,04.05,0,21,1,1
2020,04.06,3,24,1,1
2020,04.07,6,30,1,1
2020,04.08,0,30,1,1
2020,04.09,4,34,1,1
2020,04.10,10,44,1,1
2020,04.11,0,44,1,1
2020,04.12,5,49,1,1
2020,04.13,8,57,1,1
2020,04.14,0,57,1,1
2020,04.15,23,80,4,1
2020,04.16,0,80,4,1
2020,04.17,15,95,6,1
2020,04.18,13,108,7,1
2020,04.19,0,108,7,1
2020,04.20,1,109,7,1
2020,04.21,11,120,7,1
2020,04.22,36,156,16,1
2020,04.23,10,166,24,2
2020,04.24,1,167,24,2
2020,04.25,5,172,26,3
2020,04.26,4,176,30,3
2020,04.27,0,176,30,3
2020,04.28,35,211,43,3
2020,04.29,27,238,53,3
2020,04.30,38,276,67,3
2020,05.01,0,276,67,3
2020,05.02,0,276,67,3
2020,05.03,59,335,85,5
2020,05.04,0,335,85,5
2020,05.05,32,367,93,6
2020,05.06,30,397,93,6
2020,05.07,42,439,99,8
2020,05.08,65,504,110,8
2020,05.09,116,620,110,8
2020,05.10,41,661,110,8
2020,05.11,0,661,110,8
2020,05.12,141,802,127,9
2020,05.13,61,863,137,9
2020,05.14,141,1004,152,9
2020,05.15,100,1104,182,10
2020,05.16,105,1209,219,10
2020,05.17,111,1320,244,11
2020,05.18,0,1320,244,11
2020,05.19,112,1432,301,11
2020,05.20,70,1502,318,12
2020,05.21,65,1567,365,12
2020,05.22,0,1567,365,12
2020,05.23,161,1728,402,12
2020,05.24,206,1934,459,12
2020,05.25,0,1934,459,12
2020,05.26,201,2135,562,14
2020,05.27,103,2238,593,14
2020,05.28,81,2319,631,14
2020,05.29,112,2431,668,14
2020,05.30,182,2613,709,15
2020,05.31,42,2655,722,17
2020,06.01,0,2655,722,17
2020,06.02,0,2655,722,17
2020,06.03,148,2803,779,20
2020,06.04,99,2902,801,20
2020,06.05,53,2955,818,21
2020,06.06,146,3101,833,21
2020,06.07,0,3101,833,21
2020,06.08,0,3101,833,21
2020,06.09,0,3101,833,21
2020,06.10,146,3247,938,21
2020,06.11,128,3375,978,22
2020,06.12,88,3463,1024,23
2020,06.13,0,3463,1024,23
2020,06.14,0,3463,1024,23
2020,06.15,0,3463,1024,23
2020,06.16,570,4033,1334,27
2020,06.17,81,4114,1432,29
2020,06.18,115,4229,1505,30
2020,06.19,111,4340,1657,32
2020,06.20,88,4428,1750,34
2020,06.21,0,4428,1750,34
2020,06.22,0,4428,1750,34
2020,06.23,311,4739,2002,39
2020,06.24,110,4849,2107,39
2020,06.25,107,4956,2177,39
2020,06.26,131,5087,2270,40
2020,06.27,122,5209,2327,40
2020,06.28,0,5209,2327,40
2020,06.29,0,5209,2327,40
2020,06.30,185,5394,2420,42
2020,07.01,0,5394,2420,42
2020,07.02,119,5513,2508,42
2020,07.03,0,5513,2508,42
2020,07.04,107,5620,2555,44
2020,07.05,0,5620,2555,44
2020,07.06,0,5620,2555,44
2020,07.07,123,5743,2574,46
2020,07.08,0,5743,2574,46
2020,07.09,128,5871,2682,46
2020,07.10,0,5871,2682,46
2020,07.11,71,5942,3004,46
2020,07.12,0,5942,3004,46
2020,07.13,0,5942,3004,46
2020,07.14,84,6026,3475,46
2020,07.15,0,6026,3475,46
2020,07.16,95,6121,3664,46
2020,07.17,0,6121,3664,46
2020,07.18,194,6315,3865,46
2020,07.19,0,6315,3865,46
2020,07.20,0,6315,3865,46
2020,07.21,118,6433,4034,46
2020,07.22,0,6433,4034,46
2020,07.23,155,6588,4235,47
2020,07.24,0,6588,4235,47
2020,07.25,396,6984,4463,49
2020,07.26,0,6984,4463,49
2020,07.27,0,6984,4463,49
2020,07.28,205,7189,4682,49
2020,07.29,0,7189,4682,49
2020,07.30,163,7352,4943,49
2020,07.31,0,7352,4943,49
2020,08.01,0,7352,4943,49
2020,08.02,179,7531,5223,50
2020,08.03,0,7531,5223,50
2020,08.04,115,7646,5408,51
2020,08.05,0,7646,5408,51
2020,08.06,141,7787,5609,51
2020,08.07,0,7787,5609,51
2020,08.08,136,7923,5704,51
2020,08.09,0,7923,5704,51
2020,08.10,0,7923,5704,51
2020,08.11,83,8006,5823,51
2020,08.12,0,8006,5823,51
2020,08.13,71,8077,5920,51
2020,08.14,0,8077,5920,51
2020,08.15,148,8225,6277,51
2020,08.16,0,8225,6277,51
2020,08.17,0,8225,6277,51
2020,08.18,45,8270,6404,53
2020,08.19,0,8270,6404,53
2020,08.20,49,8319,6614,53
2020,08.21,0,8319,6614,53
2020,08.22,69,8388,6734,53
2020,08.23,0,8388,6734,53
2020,08.24,0,8388,6734,53
2020,08.25,21,8409,6959,53
2020,08.26,0,8409,6959,53
2020,08.27,59,8468,7066,53
2020,08.28,0,8468,7066,53
2020,08.29,37,8505,7187,53
2020,08.30,0,8505,7187,53
2020,08.31,0,8505,7187,53
2020,09.01,28,8533,7264,53
2020,09.02,0,8533,7264,53
2020,09.03,5,8538,7335,53
2020,09.04,0,8538,7335,53
2020,09.05,63,8601,7424,53
2020,09.06,0,8601,7424,53
2020,09.07,0,8601,7424,53
2020,09.08,7,8608,7533,53
2020,09.09,0,8608,7533,53
2020,09.10,13,8621,7618,53
2020,09.11,0,8621,7618,53
2020,09.12,22,8643,7706,53
2020,09.13,0,8643,7706,53
2020,09.14,0,8643,7706,53
2020,09.15,11,8654,7785,53
2020,09.16,0,8654,7785,53
2020,09.17,24,8678,7827,53
2020,09.18,0,8678,7827,53
2020,09.19,18,8696,7848,53
2020,09.20,0,8696,7848,53
2020,09.21,0,8696,7848,53
2020,09.22,8,8704,7875,54
2020,09.23,0,8704,7875,54
2020,09.24,12,8716,7906,54
2020,09.25,0,8716,7906,54
2020,09.26,12,8728,7934,54
2020,09.27,0,8728,7934,54
2020,09.28,0,8728,7934,54
2020,09.29,0,8728,7934,54
2020,09.30,24,8752,7955,54
2020,10.01,14,8766,8005,54
2020,10.02,0,8766,8005,54
2020,10.03,31,8797,8067,54
2020,10.04,0,8797,8067,54
2020,10.05,0,8797,8067,54
2020,10.06,11,8808,8135,54
2020,10.07,0,8808,8135,54
2020,10.08,7,8815,8164,54
2020,10.09,0,8815,8164,54
2020,10.10,20,8835,8189,54
2020,10.11,0,8835,8189,54
2020,10.12,0,8835,8189,54
2020,10.13,25,8860,8298,54
2020,10.14,0,8860,8298,54
2020,10.15,9,8869,8395,54
2020,10.16,0,8869,8395,54
2020,10.17,12,8881,8430,54
2020,10.18,0,8881,8430,54
2020,10.19,0,8881,8430,54
2020,10.20,3,8884,8452,54
2020,10.21,0,8884,8452,54
2020,10.22,17,8901,8479,54
2020,10.23,0,8901,8479,54
2020,10.24,18,8919,8512,54
2020,10.25,0,8919,8512,54
2020,10.26,0,8919,8512,54
2020,10.27,18,8937,8548,54
2020,10.28,0,8937,8548,54
2020,10.29,20,8957,8619,55
2020,10.30,0,8957,8619,55
2020,10.31,11,8968,8698,55
2020,11.01,0,8968,8698,55
2020,11.02,0,8968,8698,55
2020,11.03,16,8984,8779,55
2020,11.04,0,8984,8779,55
2020,11.05,21,9005,8846,55
2020,11.06,0,9005,8846,55
2020,11.07,17,9022,8878,55
2020,11.08,0,9022,8878,55
2020,11.09,0,9022,8878,55
2020,11.10,7,9029,8899,57
2020,11.11,0,9029,8899,57
2020,11.12,19,9048,8922,57
2020,11.13,0,9048,8922,57
2020,11.14,14,9062,8939,58
2020,11.15,0,9062,8939,58
2020,11.16,0,9062,8939,58
2020,11.17,22,9084,8957,58
2020,11.18,0,9084,8957,58
2020,11.19,0,9084,8957,58
2020,11.20,32,9116,8965,59
2020,11.21,15,9131,8976,59
2020,11.22,0,9131,8976,59
2020,11.23,0,9131,8976,59
2020,11.24,19,9150,8999,59
2020,11.25,0,9150,8999,59
2020,11.26,23,9173,9016,59
2020,11.27,0,9173,9016,59
2020,11.28,18,9191,9037,59
2020,11.29,0,9191,9037,59
2020,11.30,0,9191,9037,59
2020,12.01,23,9214,9066,60
2020,12.02,0,9214,9066,60
2020,12.03,25,9239,9089,60
2020,12.04,0,9239,9089,60
2020,12.05,15,9254,9106,60
2020,12.06,0,9254,9106,60
2020,12.07,0,9254,9106,60
2020,12.08,24,9278,9132,60
2020,12.09,0,9278,9132,60
2020,12.10,22,9300,9155,62
2020,12.11,0,9300,9155,62
2020,12.12,30,9330,9182,63
2020,12.13,0,9330,9182,63
2020,12.14,0,9330,9182,63
2020,12.15,21,9351,9204,63
2020,12.16,0,9351,9204,63
2020,12.17,22,9373,9223,63
2020,12.18,0,9373,9223,63
2020,12.19,27,9400,9254,64
2020,12.20,0,9400,9254,64
2020,12.21,0,9400,9254,64
2020,12.22,20,9420,9283,64
2020,12.23,0,9420,9283,64
2020,12.24,49,9469,9310,64
2020,12.25,0,9469,9310,64
2020,12.26,28,9497,9331,64
2020,12.27,0,9497,9331,64
2020,12.28,0,9497,9331,64
2020,12.29,13,9510,9356,64
2020,12.30,0,9510,9356,64
2020,12.31,61,9571,9388,64
2021,01.01,0,9571,9388,64
2021,01.02,0,9571,9388,64
2021,01.03,0,9571,9388,64
2021,01.04,0,9571,9388,64
2021,01.05,34,9605,9415,66
2021,01.06,0,9605,9415,66
2021,01.07,36,9641,9453,66
2021,01.08,0,9641,9453,66
2021,01.09,53,9694,9498,66
2021,01.10,0,9694,9498,66
2021,01.11,0,9694,9498,66
2021,01.12,46,9740,9549,66
2021,01.13,0,9740,9549,66
2021,01.14,79,9819,9597,66
2021,01.15,0,9819,9597,66
2021,01.16,80,9899,9658,66
2021,01.17,0,9899,9658,66
2021,01.18,0,9899,9658,66
2021,01.19,120,10019,9732,66
2021,01.20,0,10019,9732,66
2021,01.21,101,10120,9809,66
2021,01.22,0,10120,9809,66
2021,01.23,158,10278,9902,67
2021,01.24,0,10278,9902,67
2021,01.25,0,10278,9902,67
2021,01.26,133,10411,10013,67
2021,01.27,0,10411,10013,67
2021,01.28,125,10536,10122,68
2021,01.29,0,10536,10122,68
2021,01.30,212,10748,10260,68
2021,01.31,0,10748,10260,68
2021,02.01,0,10748,10260,68
2021,02.02,204,10952,10419,68
2021,02.03,0,10952,10419,68
2021,02.04,177,11129,10560,70
2021,02.05,0,11129,10560,70
2021,02.06,328,11457,10797,71
2021,02.07,0,11457,10797,71
2021,02.08,0,11457,10797,71
2021,02.09,379,11836,11038,71
2021,02.10,0,11836,11038,71
2021,02.11,335,12171,11275,71
2021,02.12,0,12171,11275,71
2021,02.13,406,12577,11534,73
2021,02.14,0,12577,11534,73
2021,02.15,0,12577,11534,73
2021,02.16,288,12865,11750,75
2021,02.17,0,12865,11750,75
2021,02.18,242,13107,11955,75
2021,02.19,0,13107,11955,75
2021,02.20,446,13553,12262,75
2021,02.21,0,13553,12262,75
2021,02.22,0,13553,12262,75
2021,02.23,331,13884,12561,76
2021,02.24,0,13884,12561,76
2021,02.25,350,14234,12846,80
2021,02.26,330,14564,13143,83
2021,02.27,0,14564,13143,83
2021,02.28,0,14564,13143,83
2021,03.01,0,14564,13143,83
2021,03.02,285,14849,13288,87
2021,03.03,0,14849,13288,87
2021,03.04,405,15254,13495,88
2021,03.05,0,15254,13495,88
2021,03.06,371,15625,13495,90
2021,03.07,0,15625,13495,90
2021,03.08,0,15625,13746,90
2021,03.09,390,16015,14047,91
2021,03.10,0,16015,14047,91
2021,03.11,298,16313,14374,93
2021,03.12,0,16313,14374,93
2021,03.13,347,16660,14583,96
2021,03.14,0,16660,14583,96
2021,03.15,0,16660,14583,96
2021,03.16,285,16945,14780,101
2021,03.17,0,16945,14780,101
2021,03.18,352,17297,15102,105
2021,03.19,0,17297,15102,105
2021,03.20,414,17711,15495,106
2021,03.21,0,17711,15495,106
2021,03.22,0,17711,15495,106
2021,03.23,367,18078,15654,108
2021,03.24,0,18078,15654,108
2021,03.25,348,18426,15863,109
2021,03.26,0,18426,15863,109
2021,03.27,0,18426,15863,109
2021,03.28,351,18777,16074,111
2021,03.29,0,18777,16074,111
2021,03.30,0,18777,16074,111
2021,03.31,0,18777,16074,111
2021,04.01,773,19550,16609,118
2021,04.02,0,19550,16609,118
2021,04.03,313,19863,16910,119
2021,04.04,0,19863,16910,119
2021,04.05,0,19863,16910,119
2021,04.06,0,19863,16910,119
2021,04.07,0,19863,16910,119
2021,04.08,402,20265,17227,124
2021,04.09,0,20265,17227,124
2021,04.10,371,20636,17456,127
2021,04.11,0,20636,17456,127
2021,04.12,0,20636,17456,127
2021,04.13,335,20971,17762,129
2021,04.14,0,20971,17762,129
2021,04.15,595,21566,18219,132
2021,04.16,0,21566,18219,132
2021,04.17,292,21858,18507,133
2021,04.18,0,21858,18507,133
2021,04.19,0,21858,18507,133
2021,04.20,174,22032,18706,136
2021,04.21,0,22032,18706,136
2021,04.22,196,22228,18908,136
2021,04.23,0,22228,18908,136
2021,04.24,205,22433,19074,138
2021,04.25,0,22433,19074,138
2021,04.26,0,22433,19074,138
2021,04.27,135,22568,19173,138
2021,04.28,0,22568,19173,138
2021,04.29,250,22818,19390,138
2021,04.30,0,22818,19390,138
2021,05.01,257,23075,19629,139
2021,05.02,0,23075,19629,139
2021,05.03,0,23075,19629,139
2021,05.04,126,23201,19740,140
2021,05.05,0,23201,19740,140
2021,05.06,0,23201,19740,140
2021,05.07,0,23201,19740,140
2021,05.08,110,23311,19838,142
2021,05.09,121,23432,19944,143
2021,05.10,0,23432,19944,143
2021,05.11,133,23565,20051,143
2021,05.12,0,23565,20051,143
2021,05.13,169,23734,20270,143
2021,05.14,0,23734,20270,143
2021,05.15,65,23799,20379,143
2021,05.16,0,23799,20379,143
2021,05.17,0,23799,20379,143
2021,05.18,110,23909,20556,145
2021,05.19,0,23909,20556,145
2021,05.20,130,24039,20759,147
2021,05.21,0,24039,20759,147
2021,05.22,68,24107,20976,147
2021,05.23,0,24107,20976,147
2021,05.24,0,24107,20976,147
2021,05.25,0,24107,20976,147
2021,05.26,84,24191,21265,149
2021,05.27,61,24252,21472,150
2021,05.28,0,24252,21472,150
2021,05.29,113,24365,21791,150
2021,05.30,0,24365,21791,150
2021,05.31,0,24365,21791,150
2021,06.01,64,24429,22118,152
2021,06.02,0,24429,22118,152
2021,06.03,0,24429,22118,152
2021,06.04,0,24429,22118,152
2021,06.05,162,24591,22815,154
2021,06.06,0,24591,22815,154
2021,06.07,0,24591,22815,154
2021,06.08,0,24591,22815,154
2021,06.09,60,24651,23180,154
2021,06.10,45,24696,23483,156
2021,06.11,0,24696,23483,156
2021,06.12,40,24736,23741,156
2021,06.13,0,24736,23741,156
2021,06.14,0,24736,23741,156
2021,06.15,19,24755,23910,157
2021,06.16,0,24755,23910,157
2021,06.17,77,24832,24165,157
2021,06.18,0,24832,24165,157
2021,06.19,32,24864,24264,158
2021,06.20,0,24864,24264,158
2021,06.21,0,24864,24264,158
2021,06.22,0,24864,24264,158
2021,06.23,21,24885,24407,158
2021,06.24,73,24958,24509,159
2021,06.25,0,24958,24509,159
2021,06.26,26,24984,24598,159
2021,06.27,0,24984,24598,159
2021,06.28,0,24984,24598,159
2021,06.29,0,24984,24598,159
2021,06.30,0,24984,24598,159
2021,07.01,70,25054,24729,159
2021,07.02,0,25054,24729,159
2021,07.03,22,25076,24784,159
2021,07.04,0,25076,24784,159
2021,07.05,0,25076,24784,159
2021,07.06,30,25106,24818,161
2021,07.07,0,25106,24818,161
2021,07.08,27,25133,24854,161
2021,07.09,0,25133,24854,161
2021,07.10,31,25164,24898,162
2021,07.11,0,25164,24898,162
2021,07.12,0,25164,24898,162
2021,07.13,34,25198,24941,162
2021,07.14,0,25198,24941,162
2021,07.15,47,25245,24964,162
2021,07.16,0,25245,24964,162
2021,07.17,15,25260,24973,162
2021,07.18,0,25260,24973,162
2021,07.19,0,25260,24973,162
2021,07.20,23,25283,25005,163
2021,07.21,0,25283,25005,163
2021,07.22,26,25309,25050,163
2021,07.23,0,25309,25050,163
2021,07.24,0,25309,25050,163
2021,07.25,16,25325,25081,163
2021,07.26,0,25325,25081,163
2021,07.27,19,25344,25113,163
2021,07.28,0,25344,25113,163
2021,07.29,26,25370,25143,163
2021,07.30,0,25370,25143,163
2021,07.31,14,25384,25166,164
2021,08.01,0,25384,25166,164
2021,08.02,0,25384,25166,164
2021,08.03,21,25405,25191,164
2021,08.04,0,25405,25191,164
2021,08.05,35,25440,25228,165
2021,08.06,0,25440,25228,165
2021,08.07,0,25440,25228,165
2021,08.08,22,25462,25228,165
2021,08.09,0,25462,25228,165
2021,08.10,25,25487,25228,165
2021,08.11,0,25487,25228,165
2021,08.12,42,25529,25228,165
2021,08.13,0,25529,25228,165
2021,08.14,35,25564,25228,165
2021,08.15,0,25564,25228,165
2021,08.16,0,25564,25228,165
2021,08.17,43,25607,25228,165
2021,08.18,0,25607,25228,165
2021,08.19,19,25626,25228,165
2021,08.20,0,25626,25228,165
2021,08.21,41,25667,25228,165
2021,08.22,0,25667,25228,165
2021,08.23,0,25667,25228,165
2021,08.24,50,25717,25228,165
2021,08.25,0,25717,25228,165
2021,08.26,45,25762,25228,165
2021,08.27,0,25762,25228,165
2021,08.28,0,25762,25228,165
