year,date,confirm_add,confirm,heal,dead
2020,02.29,1,1,0,0
2020,03.01,0,1,0,0
2020,03.02,0,1,0,0
2020,03.03,6,7,0,0
2020,03.04,0,7,0,0
2020,03.05,0,7,0,0
2020,03.06,4,11,0,0
2020,03.07,0,11,0,0
2020,03.08,0,11,0,0
2020,03.09,4,15,0,0
2020,03.10,3,18,0,0
2020,03.11,244,262,0,0
2020,03.12,0,262,0,0
2020,03.13,0,262,0,0
2020,03.14,17,337,0,0
2020,03.15,0,337,4,0
2020,03.16,102,439,4,0
2020,03.17,0,439,4,0
2020,03.18,0,439,4,0
2020,03.19,13,452,4,0
2020,03.20,8,460,4,0
2020,03.21,10,470,10,0
2020,03.22,11,481,27,0
2020,03.23,13,494,33,0
2020,03.24,7,501,37,0
2020,03.25,25,526,41,0
2020,03.26,11,537,41,0
2020,03.27,12,549,43,0
2020,03.28,13,562,43,0
2020,03.29,28,590,45,1
2020,03.30,44,634,48,1
2020,03.31,59,693,51,1
2020,04.01,88,781,62,2
2020,04.02,54,835,71,2
2020,04.03,114,949,72,3
2020,04.04,126,1075,93,3
2020,04.05,250,1325,109,3
2020,04.06,279,1604,123,4
2020,04.07,228,1832,131,4
2020,04.08,378,2210,178,6
2020,04.09,166,2376,206,6
2020,04.10,136,2512,227,6
2020,04.11,216,2728,247,6
2020,04.12,251,2979,275,7
2020,04.13,252,3231,334,7
2020,04.14,197,3428,373,7
2020,04.15,283,3711,406,7
2020,04.16,392,4103,415,7
2020,04.17,560,4663,464,7
2020,04.18,345,5008,510,8
2020,04.19,440,5448,518,8
2020,04.20,567,6015,555,9
2020,04.21,518,6533,614,9
2020,04.22,608,7141,689,10
2020,04.23,623,7764,750,10
2020,04.24,761,8525,809,10
2020,04.25,833,9358,929,10
2020,04.26,929,10287,1012,10
2020,04.27,957,11244,1066,10
2020,04.28,677,11921,1134,10
2020,04.29,643,12564,1243,10
2020,04.30,845,13409,1372,10
2020,05.01,687,14096,1436,12
2020,05.02,776,14872,1534,12
2020,05.03,0,14872,1534,12
2020,05.04,1319,16191,1810,12
2020,05.05,951,17142,1924,12
2020,05.06,830,17972,2070,12
2020,05.07,918,18890,2286,12
2020,05.08,1311,20201,2370,12
2020,05.09,1130,21331,2449,13
2020,05.10,1189,22520,2753,14
2020,05.11,1103,23623,2840,14
2020,05.12,1526,25149,3019,14
2020,05.13,1390,26539,3143,14
2020,05.14,1733,28272,3356,14
2020,05.15,1153,29425,3546,14
2020,05.16,1547,30972,3788,15
2020,05.17,1632,32604,4370,15
2020,05.18,1365,33969,4899,15
2020,05.19,1637,35606,5634,15
2020,05.20,1491,37097,6600,16
2020,05.21,1554,38651,7288,17
2020,05.22,0,38651,7288,17
2020,05.23,3562,42213,8513,21
2020,05.24,1501,43714,9170,23
2020,05.25,1751,45465,10363,26
2020,05.26,1742,47207,11844,28
2020,05.27,1740,48947,13283,30
2020,05.28,1967,50914,15399,33
2020,05.29,1993,52907,20604,36
2020,05.30,2355,55262,25839,36
2020,05.31,1648,56910,30290,38
2020,06.01,1523,58433,33437,40
2020,06.02,1826,60259,36036,43
2020,06.03,0,60259,36036,43
2020,06.04,3482,63741,39468,45
2020,06.05,1754,65495,40935,49
2020,06.06,1700,67195,42527,51
2020,06.07,1595,68790,44338,54
2020,06.08,1368,70158,45935,57
2020,06.09,1721,71879,47569,62
2020,06.10,0,71879,47569,62
2020,06.11,3192,75071,51331,69
2020,06.12,1517,76588,53296,70
2020,06.13,1828,78416,55252,70
2020,06.14,1186,79602,56898,73
2020,06.15,1274,80876,58681,76
2020,06.16,1201,82077,60461,80
2020,06.17,1097,83174,62172,82
2020,06.18,1267,84441,63642,86
2020,06.19,1021,85462,65409,93
2020,06.20,1026,86488,66763,94
2020,06.21,881,87369,68319,98
2020,06.22,1034,88403,69956,99
2020,06.23,1176,89579,71501,99
2020,06.24,1199,90778,73083,104
2020,06.25,1060,91838,74544,106
2020,06.26,946,92784,76072,109
2020,06.27,879,93663,77225,110
2020,06.28,750,94413,78702,110
2020,06.29,693,95106,80170,113
2020,06.30,0,95106,80170,113
2020,07.01,1897,97003,83965,115
2020,07.02,894,97897,86597,118
2020,07.03,756,98653,88583,121
2020,07.04,530,99183,90387,123
2020,07.05,616,99799,92284,128
2020,07.06,546,100345,93898,133
2020,07.07,600,100945,94903,134
2020,07.08,608,101553,96107,138
2020,07.09,557,102110,97272,142
2020,07.10,520,102630,98233,146
2020,07.11,498,103128,98934,146
2020,07.12,470,103598,99743,147
2020,07.13,0,103598,99743,147
2020,07.14,935,104533,101160,150
2020,07.15,450,104983,101637,151
2020,07.16,494,105477,102168,152
2020,07.17,421,105898,102597,153
2020,07.18,410,106308,103023,154
2020,07.19,340,106648,103377,157
2020,07.20,389,107037,103782,159
2020,07.21,393,107430,104191,160
2020,07.22,441,107871,104641,163
2020,07.23,0,107871,104641,163
2020,07.24,767,108638,105420,164
2020,07.25,398,109036,105750,164
2020,07.26,269,109305,106024,165
2020,07.27,292,109597,106328,165
2020,07.28,0,109597,106328,165
2020,07.29,556,110153,106849,169
2020,07.30,307,110460,107135,171
2020,07.31,235,110695,107377,174
2020,08.01,216,110911,107578,174
2020,08.02,196,111107,107779,177
2020,08.03,215,111322,108002,177
2020,08.04,216,111538,108254,177
2020,08.05,0,111538,108254,177
2020,08.06,554,112092,108831,178
2020,08.07,291,112383,109142,180
2020,08.08,267,112650,109438,182
2020,08.09,297,112947,109709,184
2020,08.10,315,113262,109993,188
2020,08.11,384,113646,110324,188
2020,08.12,292,113938,110627,190
2020,08.13,0,113938,110627,190
2020,08.14,594,114532,111258,190
2020,08.15,277,114809,111505,192
2020,08.16,271,115080,111794,193
2020,08.17,288,115368,112088,193
2020,08.18,0,115368,112088,193
2020,08.19,588,115956,112658,193
2020,08.20,268,116224,112924,193
2020,08.21,257,116481,113216,193
2020,08.22,284,116765,113531,193
2020,08.23,243,117008,113808,193
2020,08.24,258,117266,114099,194
2020,08.25,0,117266,114099,194
2020,08.26,476,117742,114558,194
2020,08.27,246,117988,114797,195
2020,08.28,208,118196,115017,196
2020,08.29,211,118407,115251,196
2020,08.30,168,118575,115430,197
2020,08.31,203,118778,115667,197
2020,09.01,216,118994,115895,198
2020,09.02,0,118994,115895,198
2020,09.03,426,119420,116313,201
2020,09.04,217,119637,116538,201
2020,09.05,227,119864,116780,202
2020,09.06,231,120095,116998,203
2020,09.07,253,120348,117241,205
2020,09.08,231,120579,117497,205
2020,09.09,267,120846,117746,205
2020,09.10,206,121052,117978,205
2020,09.11,235,121287,118199,205
2020,09.12,236,121523,118475,205
2020,09.13,217,121740,118682,205
2020,09.14,235,121975,118931,207
2020,09.15,239,122214,119144,208
2020,09.16,235,122449,119400,208
2020,09.17,244,122693,119613,208
2020,09.18,224,122917,119822,209
2020,09.19,229,123146,120089,209
2020,09.20,230,123376,120303,210
2020,09.21,228,123604,120540,211
2020,09.22,313,123917,120766,211
2020,09.23,258,124175,121006,212
2020,09.24,250,124425,121263,212
2020,09.25,225,124650,121512,212
2020,09.26,200,124850,121738,214
2020,09.27,234,125084,121995,214
2020,09.28,227,125311,122209,214
2020,09.29,222,125533,122448,214
2020,09.30,227,125760,122699,214
2020,10.01,199,125959,122911,214
2020,10.02,205,126164,123108,215
2020,10.03,175,126339,123302,216
2020,10.04,159,126498,123475,216
2020,10.05,194,126692,123664,216
2020,10.06,0,126692,123664,216
2020,10.07,489,127181,124108,218
2020,10.08,213,127394,124327,218
2020,10.09,206,127600,124559,219
2020,10.10,178,127778,124767,219
2020,10.11,0,127778,124767,219
2020,10.12,413,128191,125176,220
2020,10.13,214,128405,125373,220
2020,10.14,198,128603,125584,220
2020,10.15,200,128803,125802,222
2020,10.16,0,128803,125802,222
2020,10.17,424,129227,126218,223
2020,10.18,204,129431,126406,224
2020,10.19,240,129671,126650,224
2020,10.20,0,129671,126650,224
2020,10.21,539,130210,127093,225
2020,10.22,252,130462,127328,228
2020,10.23,249,130711,127599,229
2020,10.24,254,130965,127868,229
2020,10.25,205,131170,128099,230
2020,10.26,262,131432,128343,230
2020,10.27,257,131689,128617,230
2020,10.28,250,131939,128884,230
2020,10.29,211,132150,129124,231
2020,10.30,193,132343,129349,232
2020,10.31,213,132556,129583,232
2020,11.01,164,132720,129784,232
2020,11.02,0,132720,129784,232
2020,11.03,423,133143,130202,232
2020,11.04,227,133370,130414,232
2020,11.05,249,133619,130680,232
2020,11.06,192,133811,130881,232
2020,11.07,202,134013,131075,232
2020,11.08,190,134203,131276,232
2020,11.09,230,134433,131490,232
2020,11.10,0,134433,131490,232
2020,11.11,230,134663,131733,233
2020,11.12,469,135132,132153,234
2020,11.13,235,135367,132356,234
2020,11.14,203,135570,132577,234
2020,11.15,215,135785,132784,234
2020,11.16,243,136028,133010,235
2020,11.17,194,136222,133217,235
2020,11.18,219,136441,133473,235
2020,11.19,208,136649,133691,235
2020,11.20,239,136888,133914,235
2020,11.21,174,137062,134100,235
2020,11.22,167,137229,134282,236
2020,11.23,186,137415,134486,236
2020,11.24,227,137642,134698,236
2020,11.25,209,137851,134950,237
2020,11.26,215,138066,135198,237
2020,11.27,184,138250,135370,237
2020,11.28,227,138477,135651,237
2020,11.29,171,138648,135862,237
2020,11.30,0,138648,135862,237
2020,12.01,353,139001,136306,238
2020,12.02,255,139256,136513,239
2020,12.03,221,139477,136741,239
2020,12.04,166,139643,136872,239
2020,12.05,140,139783,137060,239
2020,12.06,125,139908,137276,239
2020,12.07,0,139908,137276,239
2020,12.08,295,140203,137708,239
2020,12.09,150,140353,137881,240
2020,12.10,163,140516,138033,240
2020,12.11,164,140680,138194,240
2020,12.12,147,140827,138347,240
2020,12.13,134,140961,138490,240
2020,12.14,0,140961,138719,241
2020,12.15,311,141272,138919,241
2020,12.16,145,141417,139042,242
2020,12.17,140,141557,139243,242
2020,12.18,159,141716,139384,242
2020,12.19,142,141858,139521,243
2020,12.20,143,142001,139724,243
2020,12.21,0,142001,139724,243
2020,12.22,307,142308,140129,243
2020,12.23,140,142448,140264,243
2020,12.24,157,142605,140404,243
2020,12.25,129,142734,140542,244
2020,12.26,169,142903,140687,244
2020,12.27,159,143062,140866,244
2020,12.28,0,143062,140866,244
2020,12.29,366,143428,141147,245
2020,12.30,193,143621,141300,245
2020,12.31,213,143834,141422,245
2021,01.01,208,144042,141556,245
2021,01.02,198,144240,141680,245
2021,01.03,197,144437,141808,245
2021,01.04,207,144644,141925,245
2021,01.05,208,144852,142056,245
2021,01.06,209,145061,142182,245
2021,01.07,210,145271,142314,245
2021,01.08,195,145466,142453,246
2021,01.09,0,145466,142453,246
2021,01.10,206,145672,142572,246
2021,01.11,396,146068,142827,246
2021,01.12,0,146068,142827,246
2021,01.13,412,146480,143094,246
2021,01.14,0,146480,143094,246
2021,01.15,405,146885,143435,246
2021,01.16,204,147089,143612,246
2021,01.17,188,147277,143858,246
2021,01.18,227,147504,144015,248
2021,01.19,0,147504,144015,248
2021,01.20,496,148000,144350,248
2021,01.21,258,148258,144478,248
2021,01.22,263,148521,144619,248
2021,01.23,251,148772,144740,248
2021,01.24,247,149019,144858,248
2021,01.25,277,149296,144981,248
2021,01.26,0,149296,144981,248
2021,01.27,299,149595,145124,248
2021,01.28,685,150280,145414,248
2021,01.29,341,150621,145556,248
2021,01.30,363,150984,145668,248
2021,01.31,0,150984,145668,248
2021,02.01,736,151720,145953,249
2021,02.02,0,151720,145953,249
2021,02.03,771,152491,146302,249
2021,02.04,407,152898,146474,249
2021,02.05,398,153296,146627,250
2021,02.06,394,153690,146759,250
2021,02.07,408,154098,146910,250
2021,02.08,427,154525,147033,251
2021,02.09,0,154525,147033,251
2021,02.10,928,155453,147451,253
2021,02.11,448,155901,147727,254
2021,02.12,450,156351,147939,254
2021,02.13,453,156804,148137,255
2021,02.14,440,157244,148314,255
2021,02.15,888,158132,148677,255
2021,02.16,6,158138,148638,256
2021,02.17,453,158591,148766,256
2021,02.18,462,159053,149031,256
2021,02.19,465,159518,149320,256
2021,02.20,449,159967,149740,256
2021,02.21,0,159967,149740,256
2021,02.22,922,160889,150715,257
2021,02.23,455,161344,151225,257
2021,02.24,0,161344,151225,257
2021,02.25,924,162268,152327,257
2021,02.26,469,162737,152807,257
2021,02.27,460,163197,153219,257
2021,02.28,467,163664,153621,258
2021,03.01,0,163664,153621,258
2021,03.02,936,164600,154420,259
2021,03.03,471,165071,154752,260
2021,03.04,475,165546,155070,260
2021,03.05,0,165546,155070,260
2021,03.06,469,166015,155407,261
2021,03.07,934,166949,156001,262
2021,03.08,468,167417,156299,263
2021,03.09,471,167888,156612,264
2021,03.10,0,167888,156612,264
2021,03.11,941,168829,157242,264
2021,03.12,455,169284,157577,265
2021,03.13,483,169767,157876,265
2021,03.14,485,170252,158197,266
2021,03.15,481,170733,158508,267
2021,03.16,479,171212,158853,268
2021,03.17,0,171212,158853,268
2021,03.18,988,172200,159472,270
2021,03.19,497,172697,159787,271
2021,03.20,509,173206,160115,272
2021,03.21,503,173709,160451,273
2021,03.22,0,173709,160451,273
2021,03.23,519,174228,160762,274
2021,03.24,1104,175332,161488,278
2021,03.25,0,175332,161488,278
2021,03.26,1189,176521,162173,282
2021,03.27,614,177135,162555,284
2021,03.28,639,177774,162910,284
2021,03.29,0,177774,162910,284
2021,03.30,1410,179184,163684,289
2021,03.31,780,179964,164121,291
2021,04.01,0,179964,164121,291
2021,04.02,1714,181678,165003,298
2021,04.03,870,182548,165471,301
2021,04.04,876,183424,165952,303
2021,04.05,0,183424,165952,303
2021,04.06,910,184334,166441,306
2021,04.07,1867,186201,167480,320
2021,04.08,949,187150,168001,322
2021,04.09,950,188100,168534,324
2021,04.10,0,188100,168534,324
2021,04.11,1925,190025,169635,333
2021,04.12,0,190025,169635,333
2021,04.13,1954,191979,170787,340
2021,04.14,0,191979,170787,340
2021,04.15,1973,193952,171985,357
2021,04.16,978,194930,172598,367
2021,04.17,827,195757,173257,376
2021,04.18,0,195757,173257,376
2021,04.19,1719,197476,174698,386
2021,04.20,0,197476,174698,386
2021,04.21,885,198361,175431,391
2021,04.22,819,199180,176188,400
2021,04.23,800,199980,177164,407
2021,04.24,798,200778,178461,413
2021,04.25,718,201496,179974,418
2021,04.26,705,202201,181522,428
2021,04.27,703,202904,183100,437
2021,04.28,695,203599,184712,441
2021,04.29,690,204289,186318,445
2021,04.30,687,204976,187951,450
2021,05.01,676,205652,189544,458
2021,05.02,650,206302,191071,465
2021,05.03,646,206948,192551,472
2021,05.04,644,207592,194099,480
2021,05.05,640,208232,195521,483
2021,05.06,645,208877,196906,489
2021,05.07,1193,210070,199444,496
2021,05.08,533,210603,200467,502
2021,05.09,0,210603,200467,502
2021,05.10,389,210992,201530,508
2021,05.11,397,211389,202552,512
2021,05.12,735,212124,204408,519
2021,05.13,299,212423,205160,522
2021,05.14,244,212667,205750,524
2021,05.15,0,212667,205750,524
2021,05.16,516,213183,207077,530
2021,05.17,302,213485,207796,532
2021,05.18,370,213855,208614,536
2021,05.19,295,214150,209251,538
2021,05.20,313,214463,209773,539
2021,05.21,0,214463,209773,539
2021,05.22,367,214830,210150,541
2021,05.23,613,215443,210942,544
2021,05.24,299,215742,211296,547
2021,05.25,0,215742,211296,547
2021,05.26,655,216397,211896,552
2021,05.27,0,216397,211896,552
2021,05.28,488,216885,212379,552
2021,05.29,156,217041,212716,554
2021,05.30,0,217041,212716,554
2021,05.31,189,217230,213007,554
2021,06.01,228,217458,213336,556
2021,06.02,230,217688,213632,560
2021,06.03,392,218080,214377,563
2021,06.04,0,218080,214377,563
2021,06.05,375,218455,214950,566
2021,06.06,172,218627,215294,569
2021,06.07,0,218627,215294,569
2021,06.08,171,218798,215635,569
2021,06.09,182,218980,215899,570
2021,06.10,301,219281,216301,574
2021,06.11,185,219466,216483,574
2021,06.12,147,219613,216698,576
2021,06.13,117,219730,216944,577
2021,06.14,157,219887,217143,579
2021,06.15,0,219887,217143,579
2021,06.16,146,220033,217352,579
2021,06.17,165,220198,217550,579
2021,06.18,311,220509,217901,582
2021,06.19,184,220693,218098,582
2021,06.20,107,220800,218244,583
2021,06.21,130,220930,218435,583
2021,06.22,189,221119,218584,584
2021,06.23,154,221273,218787,586
2021,06.24,0,221273,218787,586
2021,06.25,192,221465,219041,588
2021,06.26,125,221590,219202,588
2021,06.27,102,221692,219333,588
2021,06.28,118,221810,219478,588
2021,06.29,0,221810,219478,588
2021,06.30,261,222071,219799,590
2021,07.01,0,222071,219799,590
2021,07.02,146,222217,219985,591
2021,07.03,236,222453,220260,592
2021,07.04,121,222574,220449,592
2021,07.05,93,222667,220597,593
2021,07.06,0,222667,220597,593
2021,07.07,93,222760,220677,594
2021,07.08,158,222918,220762,596
2021,07.09,113,223031,220904,598
2021,07.10,241,223272,221160,599
2021,07.11,86,223358,221295,599
2021,07.12,146,223504,221400,599
2021,07.13,142,223646,221549,599
2021,07.14,0,223646,221549,599
2021,07.15,265,223911,221805,599
2021,07.16,0,223911,221805,599
2021,07.17,133,224044,221913,599
2021,07.18,234,224278,222105,599
2021,07.19,0,224278,222105,599
2021,07.20,124,224402,222257,599
2021,07.21,236,224638,222478,600
2021,07.22,196,224834,222600,600
2021,07.23,114,224948,222727,600
2021,07.24,0,224948,222727,600
2021,07.25,250,225198,222976,600
2021,07.26,178,225376,223114,600
2021,07.27,146,225522,223210,600
2021,07.28,225,225747,223376,601
2021,07.29,158,225905,223494,601
2021,07.30,172,226077,223591,601
2021,07.31,0,226077,223591,601
2021,08.01,313,226390,223849,601
2021,08.02,150,226540,223995,601
2021,08.03,170,226710,224129,601
2021,08.04,164,226874,224285,601
2021,08.05,181,227055,224384,601
2021,08.06,0,227055,224384,601
2021,08.07,218,227273,224384,601
2021,08.08,199,227472,224384,601
2021,08.09,427,227899,224384,601
2021,08.10,220,228119,224384,601
2021,08.11,227,228346,224384,601
2021,08.12,197,228543,224384,601
2021,08.13,0,228543,224384,601
2021,08.14,244,228787,224384,601
2021,08.15,194,228981,224384,601
2021,08.16,447,229428,224384,601
2021,08.17,269,229697,224384,601
2021,08.18,218,229915,224384,601
2021,08.19,0,229915,224384,601
2021,08.20,527,230442,224384,601
2021,08.21,190,230632,224384,601
2021,08.22,0,230632,224384,601
2021,08.23,205,230837,224384,601
2021,08.24,506,231343,224384,601
2021,08.25,0,231343,224384,601
2021,08.26,216,231559,224384,601
2021,08.27,445,232004,224384,602
2021,08.28,183,232187,224384,602
