year,date,confirm_add,confirm,heal,dead
2020,03.01,1,1,0,0
2020,03.02,1,6,0,0
2020,03.03,1,7,0,0
2020,03.04,0,7,0,0
2020,03.05,3,10,0,0
2020,03.06,3,13,0,0
2020,03.07,0,13,0,0
2020,03.08,0,13,0,0
2020,03.09,1,14,0,0
2020,03.10,0,14,0,0
2020,03.11,3,17,0,0
2020,03.12,0,17,0,0
2020,03.13,0,17,0,0
2020,03.14,6,23,0,1
2020,03.15,0,23,0,1
2020,03.16,14,37,0,1
2020,03.17,21,58,0,2
2020,03.18,53,111,0,2
2020,03.19,56,168,0,2
2020,03.20,92,260,1,3
2020,03.21,107,367,1,5
2020,03.22,165,532,3,7
2020,03.23,257,789,3,14
2020,03.24,192,981,3,18
2020,03.25,68,1049,3,27
2020,03.26,68,1049,3,27
2020,03.27,333,1382,3,34
2020,03.28,245,1627,3,41
2020,03.29,196,1823,3,48
2020,03.30,297,1924,3,58
2020,03.31,42,1966,54,62
2020,04.01,336,2302,58,79
2020,04.02,456,2758,58,98
2020,04.03,405,3163,65,120
2020,04.04,205,3368,65,145
2020,04.05,97,3465,100,172
2020,04.06,181,3646,100,180
2020,04.07,101,3747,100,191
2020,04.08,248,3995,140,220
2020,04.09,455,4450,140,242
2020,04.10,515,4965,339,272
2020,04.11,2196,7161,368,297
2020,04.12,96,7257,411,315
2020,04.13,209,7466,501,333
2020,04.14,63,7529,597,355
2020,04.15,74,7603,696,369
2020,04.16,255,7858,780,388
2020,04.17,367,8225,838,403
2020,04.18,225,8450,838,421
2020,04.19,572,9022,1008,456
2020,04.20,446,9468,1061,474
2020,04.21,660,10128,1150,507
2020,04.22,270,10398,1207,520
2020,04.23,452,10850,1262,537
2020,04.24,333,11183,1328,560
2020,04.25,11536,22719,1366,576
2020,04.26,0,22719,1366,576
2020,04.27,0,22719,1366,576
2020,04.28,521,23240,1557,663
2020,04.29,1018,24258,1557,871
2020,04.30,417,24675,1557,883
2020,05.01,259,24934,1558,900
2020,05.02,1402,26336,1913,1063
2020,05.03,1128,27464,2132,1371
2020,05.04,2074,29538,3300,1564
2020,05.05,2343,31881,3433,1569
2020,05.06,0,31881,3433,1569
2020,05.07,-2461,29420,3433,1618
2020,05.08,878,30298,3433,1654
2020,05.09,-1480,28818,3433,1704
2020,05.10,253,29071,3433,1717
2020,05.11,488,29559,3433,2127
2020,05.12,-50,29509,3433,2145
2020,05.13,910,30419,3433,2327
2020,05.14,67,30486,3433,2334
2020,05.15,16,30502,3433,2338
2020,05.16,965,31467,3433,2594
2020,05.17,1296,32763,3433,2688
2020,05.18,419,33182,3433,2736
2020,05.19,400,33582,3433,2799
2020,05.20,569,34151,3457,2839
2020,05.21,703,34854,3557,2888
2020,05.22,452,35306,3557,2939
2020,05.23,522,35828,3557,3056
2020,05.24,430,36258,3557,3096
2020,05.25,498,36756,3560,3108
2020,05.26,599,37355,18003,3203
2020,05.27,0,37355,18003,3203
2020,05.28,748,38103,18425,3275
2020,05.29,368,38471,18425,3313
2020,05.30,100,38571,19190,3334
2020,05.31,0,38571,19190,3334
2020,06.01,527,39098,19592,3358
2020,06.02,896,39994,19823,3394
2020,06.03,420,40414,20019,3438
2020,06.04,552,40966,20019,3486
2020,06.05,0,40966,20019,3486
2020,06.06,609,41575,20568,3534
2020,06.07,1153,42728,21020,3608
2020,06.08,392,43120,21020,3621
2020,06.09,258,43378,21020,3642
2020,06.10,539,43917,21020,3690
2020,06.11,523,44440,21862,3720
2020,06.12,0,44440,21862,3720
2020,06.13,1338,45778,22679,3828
2020,06.14,578,46356,22865,3874
2020,06.15,395,46751,23064,3896
2020,06.16,571,47322,23349,3929
2020,06.17,621,47943,23684,3970
2020,06.18,547,48490,23881,4007
2020,06.19,607,49097,24123,4087
2020,06.20,634,49731,24446,4156
2020,06.21,0,49731,24446,4156
2020,06.22,909,50640,24991,4223
2020,06.23,0,50640,24991,4223
2020,06.24,1003,51643,24991,4274
2020,06.25,0,51643,24991,4274
2020,06.26,1513,53156,26097,4343
2020,06.27,700,53856,26493,4406
2020,06.28,718,54574,26920,4424
2020,06.29,681,55255,27058,4429
2020,06.30,410,55665,27430,4502
2020,07.01,767,56432,27594,4527
2020,07.02,1825,58257,27887,4576
2020,07.03,1211,59468,28032,4639
2020,07.04,1189,60657,28391,4700
2020,07.05,878,61535,28507,4769
2020,07.06,423,61958,28722,4781
2020,07.07,422,62380,28872,4821
2020,07.08,865,63245,29071,4873
2020,07.09,976,64221,29184,4900
2020,07.10,0,64221,29184,4900
2020,07.11,797,65018,29577,4939
2020,07.12,2191,67209,30107,5031
2020,07.13,661,67870,30283,5047
2020,07.14,589,68459,30369,5063
2020,07.15,1111,69570,30484,5130
2020,07.16,759,70329,30641,5158
2020,07.17,1036,71365,31260,5207
2020,07.18,1079,72444,31404,5250
2020,07.19,938,73382,31757,5282
2020,07.20,631,74013,31901,5313
2020,07.21,607,74620,31955,5318
2020,07.22,1597,76217,32725,5366
2020,07.23,1040,77257,33125,5418
2020,07.24,891,78148,33455,5439
2020,07.25,901,79049,34544,5468
2020,07.26,987,80036,34544,5507
2020,07.27,658,80694,34896,5515
2020,07.28,467,81161,34896,5532
2020,07.29,1118,82279,35283,5584
2020,07.30,914,83193,35572,5623
2020,07.31,1177,84370,35824,5657
2020,08.01,985,85355,36044,5702
2020,08.02,877,86232,36213,5736
2020,08.03,292,86524,59344,5750
2020,08.04,517,87041,59344,5767
2020,08.05,922,87963,70985,5808
2020,08.06,903,88866,71168,5847
2020,08.07,1671,90537,71318,5877
2020,08.08,1432,91969,71463,5897
2020,08.09,1603,93572,71605,5916
2020,08.10,887,94459,78552,5922
2020,08.11,242,94701,78608,5932
2020,08.12,862,95563,78610,5951
2020,08.13,1547,97110,78887,5984
2020,08.14,1233,98343,78957,6010
2020,08.15,1066,99409,79176,6030
2020,08.16,1279,100688,79354,6065
2020,08.17,854,101542,87022,6070
2020,08.18,209,101751,87120,6083
2020,08.19,1190,102941,87183,6105
2020,08.20,1534,104475,87277,6146
2020,08.21,1033,105508,87660,6200
2020,08.22,973,106481,87730,6248
2020,08.23,608,107089,87889,6277
2020,08.24,680,107769,94816,6310
2020,08.25,520,108289,94878,6322
2020,08.26,741,109030,95025,6368
2020,08.27,1519,110549,95097,6410
2020,08.28,670,111219,95202,6471
2020,08.29,922,112141,95311,6504
2020,08.30,765,112906,95429,6537
2020,08.31,742,113648,101620,6555
2020,09.01,119,113767,101669,6556
2020,09.02,542,114309,101723,6571
2020,09.03,1148,115457,101867,6619
2020,09.04,903,116360,102051,6648
2020,09.05,815,117175,102200,6674
2020,09.06,870,118045,102304,6724
2020,09.07,-8261,109784,91242,10524
2020,09.08,308,110092,91242,10576
2020,09.09,665,110757,91242,10627
2020,09.10,1409,112166,91242,10701
2020,09.11,1040,113206,91242,10749
2020,09.12,1526,114732,91242,10836
2020,09.13,1719,116451,91242,10864
2020,09.14,2143,118594,97063,10903
2020,09.15,317,118911,97063,10922
2020,09.16,642,119553,97063,10963
2020,09.17,1972,121525,97063,10996
2020,09.18,732,122257,97063,11029
2020,09.19,1872,124129,97063,11044
2020,09.20,1491,125620,97063,11084
2020,09.21,799,126419,102852,11090
2020,09.22,292,126711,102852,11095
2020,09.23,932,127643,102852,11126
2020,09.24,2249,129892,102852,11171
2020,09.25,1254,131146,102852,11213
2020,09.26,1329,132475,102852,11236
2020,09.27,1506,133981,102852,11273
2020,09.28,766,134747,112296,11279
2020,09.29,218,134965,112296,11280
2020,09.30,784,135749,112296,11312
2020,10.01,1298,137047,112296,11355
2020,10.02,1537,138584,112296,11433
2020,10.03,950,139534,112296,11495
2020,10.04,817,140351,112296,11597
2020,10.05,683,141034,120511,11647
2020,10.06,305,141339,120511,11681
2020,10.07,717,142056,120511,11702
2020,10.08,1475,143531,120511,11743
2020,10.09,1514,145045,120511,12141
2020,10.10,803,145848,120511,12175
2020,10.11,980,146828,120511,12188
2020,10.12,205,147033,128134,12191
2020,10.13,282,147315,128134,12218
2020,10.14,856,148171,128134,12235
2020,10.15,912,149083,128134,12264
2020,10.16,1277,150360,128134,12306
2020,10.17,1299,151659,128134,12357
2020,10.18,763,152422,128134,12375
2020,10.19,867,153289,134187,12387
2020,10.20,134,153423,134187,12395
2020,10.21,692,154115,134187,12404
2020,10.22,1510,155625,134187,12453
2020,10.23,826,156451,134187,12500
2020,10.24,1819,158270,134187,12528
2020,10.25,1344,159614,134187,12542
2020,10.26,2021,161635,141759,12553
2020,10.27,543,162178,141759,12573
2020,10.28,1014,163192,141759,12588
2020,10.29,1716,164908,141759,12608
2020,10.30,1394,166302,141759,12622
2020,10.31,845,167147,141759,12632
2020,11.01,1045,168192,141759,12670
2020,11.02,1002,169194,149048,12684
2020,11.03,368,169562,149048,12692
2020,11.04,548,170110,149048,12698
2020,11.05,1323,171433,149048,12704
2020,11.06,350,171783,149048,12730
2020,11.07,725,172508,149048,12761
2020,11.08,978,173486,149048,12815
2020,11.09,1421,174907,154956,12830
2020,11.10,362,175269,154956,12839
2020,11.11,442,175711,154956,12849
2020,11.12,919,176630,154956,12920
2020,11.13,883,177513,154956,12946
2020,11.14,1161,178674,154956,12977
2020,11.15,953,179627,154956,12997
2020,11.16,668,180295,160639,13008
2020,11.17,381,180676,160639,13016
2020,11.18,428,181104,160639,13025
2020,11.19,1146,182250,160639,13052
2020,11.20,996,183246,160639,13073
2020,11.21,594,183840,160639,13095
2020,11.22,1036,184876,160639,13139
2020,11.23,767,185643,164009,13201
2020,11.24,301,185944,164009,13225
2020,11.25,492,186436,164009,13264
2020,11.26,794,187230,164009,13288
2020,11.27,908,188138,164009,13316
2020,11.28,1396,189534,164009,13358
2020,11.29,1375,190909,164009,13371
2020,11.30,1208,192117,169804,13423
2020,12.01,568,192685,169804,13461
2020,12.02,988,193673,169804,13501
2020,12.03,1203,194876,169804,13562
2020,12.04,1008,195884,169804,13612
2020,12.05,598,196482,169804,13696
2020,12.06,909,197391,169804,13756
2020,12.07,607,197998,174188,13778
2020,12.08,246,198244,174188,13780
2020,12.09,508,198752,174188,13794
2020,12.10,476,199228,174188,13814
2020,12.11,1151,200379,174188,13850
2020,12.12,386,200765,174188,13858
2020,12.13,759,201524,174188,13874
2020,12.14,586,202110,177951,13875
2020,12.15,70,202180,177951,13875
2020,12.16,176,202356,177951,13896
2020,12.17,1105,203461,177951,13915
2020,12.18,788,204249,177951,13932
2020,12.19,754,205003,177951,13942
2020,12.20,917,205920,177951,13948
2020,12.21,337,206257,177951,13948
2020,12.22,72,206329,181618,13949
2020,12.23,35,206364,181618,13949
2020,12.24,720,207084,181618,13962
2020,12.25,926,208010,181618,13977
2020,12.26,818,208828,181618,13984
2020,12.27,446,209274,181618,13990
2020,12.28,81,209355,184507,13992
2020,12.29,403,209758,184507,13994
2020,12.30,568,210326,184507,14001
2020,12.31,1186,211512,184507,14023
2021,01.01,1000,212512,184507,14034
2021,01.02,866,213378,184507,14051
2021,01.03,1135,214513,184507,14059
2021,01.04,101,214614,190350,14059
2021,01.05,466,215080,190350,14069
2021,01.06,1003,216083,190350,14103
2021,01.07,1294,217377,190350,14146
2021,01.08,1008,218385,190350,14158
2021,01.09,763,219148,190350,14165
2021,01.10,1201,220349,190350,14177
2021,01.11,721,221070,190350,14177
2021,01.12,436,221506,190350,14184
2021,01.13,1061,222567,193581,14196
2021,01.14,1748,224315,193581,14229
2021,01.15,1687,226002,193581,14246
2021,01.16,864,226866,193581,14273
2021,01.17,3942,230808,193581,14316
2021,01.18,674,231482,199332,14319
2021,01.19,162,231644,199332,14322
2021,01.20,924,232568,199332,14382
2021,01.21,1747,234315,199332,14437
2021,01.22,1874,236189,199332,14526
2021,01.23,969,237158,199332,14562
2021,01.24,1074,238232,199332,14596
2021,01.25,3060,241292,204071,14623
2021,01.26,275,241567,204071,14639
2021,01.27,579,242146,204071,14668
2021,01.28,1389,243535,204071,14704
2021,01.29,2465,246000,204071,14766
2021,01.30,687,246687,204071,14802
2021,01.31,3092,249779,204071,14851
2021,02.01,1049,250828,209814,14859
2021,02.02,158,250986,209814,14890
2021,02.03,293,251279,209814,14915
2021,02.04,1111,252390,209814,14949
2021,02.05,949,253339,209814,14968
2021,02.06,2073,255412,209814,14982
2021,02.07,1703,257115,209814,15004
2021,02.08,1167,258282,220398,15012
2021,02.09,325,258607,220398,15013
2021,02.10,1176,259783,220398,15086
2021,02.11,293,260076,220398,15116
2021,02.12,2137,262213,220398,15174
2021,02.13,1304,263517,220398,15220
2021,02.14,2010,265527,220398,15269
2021,02.15,1696,267223,230377,15321
2021,02.16,478,267701,230377,15355
2021,02.17,372,268073,230377,15392
2021,02.18,146,268219,230377,15394
2021,02.19,1641,269860,230377,15444
2021,02.20,1416,271276,230377,15474
2021,02.21,1821,273097,230377,15513
2021,02.22,1576,274673,238817,15536
2021,02.23,295,274968,238817,15547
2021,02.24,812,275780,238817,15567
2021,02.25,2999,278779,238817,15634
2021,02.26,2390,281169,238817,15669
2021,02.27,1430,282599,238817,15713
2021,02.28,1748,284347,238817,15779
2021,03.01,1808,286155,247898,15811
2021,03.02,212,286367,247898,15832
2021,03.03,358,286725,247898,15850
2021,03.04,2747,289472,247898,15921
2021,03.05,263,289735,247898,15959
2021,03.06,1335,291070,247898,15997
2021,03.07,1873,292943,247898,16020
2021,03.08,1560,294503,256009,16039
2021,03.09,115,294618,256009,16043
2021,03.10,496,295114,256009,16069
2021,03.11,1727,296841,256009,16105
2021,03.12,1116,297957,256009,16128
2021,03.13,1259,299216,256009,16193
2021,03.14,1450,300666,256009,16215
2021,03.15,1555,302221,263164,16236
2021,03.16,277,302498,263164,16240
2021,03.17,356,302854,263164,16259
2021,03.18,2744,305598,263164,16300
2021,03.19,1831,307429,263164,16333
2021,03.20,2214,309643,263164,16412
2021,03.21,1225,310868,263164,16435
2021,03.22,1730,312598,271847,16451
2021,03.23,253,312851,271847,16478
2021,03.24,719,313570,271847,16504
2021,03.25,3237,316807,271847,16540
2021,03.26,1849,318656,271847,16582
2021,03.27,2795,321451,271847,16632
2021,03.28,1248,322699,271847,16679
2021,03.29,1783,324482,281684,16738
2021,03.30,0,324482,281684,16746
2021,03.31,2843,327325,281684,16780
2021,04.01,1430,328755,281684,16847
2021,04.02,1633,330388,281684,16877
2021,04.03,1650,332038,281684,16910
2021,04.04,1137,333175,281684,16929
2021,04.05,2506,335681,290314,16956
2021,04.06,1096,336777,290314,16987
2021,04.07,925,337702,290314,17004
2021,04.08,1902,339604,290314,17057
2021,04.09,2015,341619,290314,17115
2021,04.10,1059,342678,290314,17158
2021,04.11,2199,344877,290314,17275
2021,04.12,1940,346817,290314,17293
2021,04.13,253,347070,290314,17298
2021,04.14,519,347589,298604,17351
2021,04.15,2950,350539,298604,17400
2021,04.16,4892,355431,298604,17489
2021,04.17,533,355964,298604,17528
2021,04.18,2193,358157,298604,17641
2021,04.19,2389,360546,309541,17703
2021,04.20,17,360563,309541,17703
2021,04.21,591,361154,309541,17744
2021,04.22,1689,362843,309541,17804
2021,04.23,2550,365393,309541,17965
2021,04.24,5913,371306,309541,18062
2021,04.25,1448,372754,309541,18158
2021,04.26,608,373362,318598,18177
2021,04.27,1413,374775,318598,18300
2021,04.28,554,375329,318598,18389
2021,04.29,2333,377662,318598,18470
2021,04.30,3027,380689,318598,18552
2021,05.01,1173,381862,318598,18631
2021,05.02,2727,384589,318598,18724
2021,05.03,2710,387299,329582,18740
2021,05.04,747,388046,329582,18765
2021,05.05,3196,391242,329582,18863
2021,05.06,1806,393048,329582,18907
2021,05.07,2279,395327,329582,19018
2021,05.08,1561,396888,329582,19061
2021,05.09,2033,398921,329582,19137
2021,05.10,1375,400296,342878,19222
2021,05.11,1764,402060,342878,19242
2021,05.12,535,402595,342878,19286
2021,05.13,2037,404632,342878,19349
2021,05.14,1151,405783,342878,19442
2021,05.15,1219,407002,342878,19514
2021,05.16,2518,409520,342878,19692
2021,05.17,609,410129,354499,19699
2021,05.18,741,410870,354499,19786
2021,05.19,596,411466,354499,19877
2021,05.20,1441,412907,354499,19979
2021,05.21,2348,415255,354499,20022
2021,05.22,1366,416621,354499,20107
2021,05.23,1219,417840,354499,20180
2021,05.24,1011,418851,354499,20193
2021,05.25,347,419198,366425,20210
2021,05.26,969,420167,366425,20227
2021,05.27,1064,421231,366425,20312
2021,05.28,1098,422329,366425,20357
2021,05.29,836,423165,366425,20408
2021,05.30,1576,424741,366425,20485
2021,05.31,1100,425841,375151,20545
2021,06.01,196,426037,375151,20572
2021,06.02,1653,427690,375151,20620
2021,06.03,1175,428865,375151,20681
2021,06.04,952,429817,375151,20706
2021,06.05,922,430739,375151,20755
2021,06.06,690,431429,375151,20773
2021,06.07,924,432353,398645,20809
2021,06.08,386,432739,398645,20814
2021,06.09,246,432985,398645,20831
2021,06.10,885,433870,398645,20903
2021,06.11,2153,436023,398645,20949
2021,06.12,1098,437121,398645,20997
2021,06.13,987,438108,398645,21018
2021,06.14,826,438934,398645,21048
2021,06.15,205,439139,398645,21051
2021,06.16,235,439374,398645,21061
2021,06.17,1806,441180,407512,21153
2021,06.18,1161,442341,407512,21175
2021,06.19,2054,444395,407512,21234
2021,06.20,1191,445586,407512,21284
2021,06.21,855,446441,415508,21293
2021,06.22,192,446633,415508,21304
2021,06.23,543,447176,415508,21315
2021,06.24,1931,449107,415508,21367
2021,06.25,376,449483,415508,21377
2021,06.26,2751,452234,415508,21433
2021,06.27,1131,453365,415508,21485
2021,06.28,971,454336,423688,21523
2021,06.29,1407,455743,423688,21523
2021,06.30,1746,457489,423688,21545
2021,07.01,1015,458504,423688,21560
2021,07.02,1034,459538,423688,21605
2021,07.03,1619,461157,423688,21623
2021,07.04,985,462142,423688,21660
2021,07.05,0,462142,423688,21660
2021,07.06,507,462649,431404,21695
2021,07.07,1302,463951,431404,21708
2021,07.08,1078,465029,431404,21728
2021,07.09,849,465878,431404,21768
2021,07.10,1195,467073,431404,21803
2021,07.11,903,467976,431404,21814
2021,07.12,370,468346,437167,21830
2021,07.13,68,468414,437167,21830
2021,07.14,2468,470882,437167,21832
2021,07.15,875,471757,437167,21850
2021,07.16,965,472722,437167,21872
2021,07.17,925,473647,437167,21899
2021,07.18,1568,475215,437167,21933
2021,07.19,850,476065,443880,21953
2021,07.20,247,476312,443880,21958
2021,07.21,1634,477946,443880,30744
2021,07.22,669,478615,443880,30752
2021,07.23,1169,479784,443880,30777
2021,07.24,0,479784,443880,30777
2021,07.25,936,480720,443880,30797
2021,07.26,0,480720,443880,30797
2021,07.27,0,480720,443880,30797
2021,07.28,0,480720,443880,30797
2021,07.29,0,480720,443880,30797
2021,07.30,4953,485673,443880,31549
2021,07.31,871,486544,443880,31591
2021,08.01,828,487372,443880,31631
2021,08.02,226,487598,443880,31634
2021,08.03,104,487702,443880,31644
2021,08.04,0,487702,443880,31644
2021,08.05,1387,489089,443880,31694
2021,08.06,0,489089,443880,31694
2021,08.07,1267,490356,443880,31754
2021,08.08,829,491185,443880,31774
2021,08.09,646,491831,443880,31788
2021,08.10,0,491831,443880,31788
2021,08.11,0,491831,443880,31788
2021,08.12,1317,493148,443880,31837
2021,08.13,619,493767,443880,31870
2021,08.14,0,493767,443880,31870
2021,08.15,0,493767,443880,31870
2021,08.16,0,493767,443880,31870
2021,08.17,0,493767,443880,31870
2021,08.18,0,493767,443880,31870
2021,08.19,0,493767,443880,31870
2021,08.20,1348,495115,443880,31985
2021,08.21,0,495115,443880,31985
2021,08.22,0,495115,443880,31985
2021,08.23,0,495115,443880,31985
2021,08.24,3613,498728,443880,32092
2021,08.25,468,499196,443880,32104
2021,08.26,435,499631,443880,32134
2021,08.27,453,500084,443880,32166
2021,08.28,0,500084,443880,32166
