year,date,confirm_add,confirm,heal,dead
2020,03.23,1,1,0,0
2020,03.24,0,1,0,0
2020,03.25,3,4,0,0
2020,03.26,1,5,0,0
2020,03.27,0,5,0,0
2020,03.28,0,5,0,0
2020,03.29,1,6,0,0
2020,03.30,5,10,0,1
2020,03.31,0,10,0,2
2020,04.01,0,10,0,2
2020,04.02,6,16,0,2
2020,04.03,0,16,0,2
2020,04.04,0,16,2,2
2020,04.05,3,19,2,2
2020,04.06,0,19,2,2
2020,04.07,0,19,2,2
2020,04.08,0,19,3,2
2020,04.09,0,19,4,2
2020,04.10,0,19,4,2
2020,04.11,0,19,4,2
2020,04.12,6,25,5,2
2020,04.13,0,25,5,2
2020,04.14,0,25,5,2
2020,04.15,4,29,5,2
2020,04.16,4,33,5,2
2020,04.17,0,33,5,2
2020,04.18,5,38,5,2
2020,04.19,0,38,5,2
2020,04.20,1,39,5,3
2020,04.21,0,39,6,3
2020,04.22,3,42,6,3
2020,04.23,0,42,6,3
2020,04.24,0,42,6,3
2020,04.25,0,42,6,3
2020,04.26,0,42,11,3
2020,04.27,1,43,14,3
2020,04.28,0,43,19,3
2020,04.29,0,43,21,3
2020,04.30,0,43,21,3
2020,05.01,0,43,21,3
2020,05.02,1,44,27,3
2020,05.03,0,44,27,3
2020,05.04,0,44,27,3
2020,05.05,0,44,27,3
2020,05.06,1,45,27,3
2020,05.07,0,45,27,3
2020,05.08,2,47,27,3
2020,05.09,0,47,29,3
2020,05.10,0,47,29,3
2020,05.11,0,47,29,3
2020,05.12,0,47,29,3
2020,05.13,1,48,29,3
2020,05.14,0,48,29,3
2020,05.15,0,48,29,3
2020,05.16,2,50,36,3
2020,05.17,1,51,36,3
2020,05.18,7,58,36,3
2020,05.19,0,58,36,3
2020,05.20,0,58,36,3
2020,05.21,0,58,36,3
2020,05.22,0,58,36,3
2020,05.23,12,70,37,4
2020,05.24,16,86,41,4
2020,05.25,20,106,41,4
2020,05.26,15,121,41,4
2020,05.27,0,121,41,4
2020,05.28,0,121,43,4
2020,05.29,1,122,43,4
2020,05.30,0,122,43,4
2020,05.31,0,122,43,4
2020,06.01,1,123,46,5
2020,06.02,0,123,50,6
2020,06.03,0,123,50,6
2020,06.04,0,123,53,6
2020,06.05,1,124,53,6
2020,06.06,0,124,53,6
2020,06.07,1,125,58,6
2020,06.08,16,141,58,6
2020,06.09,3,144,62,6
2020,06.10,2,146,62,6
2020,06.11,6,152,68,6
2020,06.12,12,164,68,6
2020,06.13,6,170,71,6
2020,06.14,7,177,74,6
2020,06.15,0,177,74,6
2020,06.16,0,177,78,6
2020,06.17,0,177,78,6
2020,06.18,10,187,78,7
2020,06.19,0,187,78,7
2020,06.20,11,198,83,7
2020,06.21,6,204,83,7
2020,06.22,15,219,83,7
2020,06.23,0,219,86,7
2020,06.24,12,231,94,7
2020,06.25,11,242,96,7
2020,06.26,0,242,96,7
2020,06.27,14,256,102,9
2020,06.28,0,256,102,9
2020,06.29,13,269,102,9
2020,06.30,10,279,105,9
2020,07.01,14,293,110,9
2020,07.02,19,312,113,9
2020,07.03,16,328,123,10
2020,07.04,10,338,123,10
2020,07.05,20,358,126,13
2020,07.06,14,372,126,14
2020,07.07,0,372,126,14
2020,07.08,0,372,126,14
2020,07.09,0,372,126,14
2020,07.10,22,394,126,16
2020,07.11,0,394,126,16
2020,07.12,0,394,126,16
2020,07.13,23,417,136,19
2020,07.14,22,439,138,21
2020,07.15,0,439,138,21
2020,07.16,19,458,140,22
2020,07.17,19,477,140,22
2020,07.18,19,496,144,25
2020,07.19,0,496,144,25
2020,07.20,26,522,154,29
2020,07.21,0,522,154,29
2020,07.22,39,561,165,32
2020,07.23,0,561,165,32
2020,07.24,47,608,184,35
2020,07.25,0,608,184,35
2020,07.26,42,650,200,38
2020,07.27,0,650,200,38
2020,07.28,24,674,210,40
2020,07.29,20,694,220,40
2020,07.30,23,717,229,40
2020,07.31,21,738,229,41
2020,08.01,19,757,237,43
2020,08.02,23,780,237,43
2020,08.03,29,809,256,44
2020,08.04,38,847,268,46
2020,08.05,97,944,296,48
2020,08.06,0,944,296,48
2020,08.07,55,999,311,48
2020,08.08,61,1060,311,48
2020,08.09,65,1125,331,50
2020,08.10,63,1188,346,52
2020,08.11,67,1255,364,52
2020,08.12,72,1327,385,53
2020,08.13,75,1402,395,53
2020,08.14,30,1432,395,55
2020,08.15,83,1515,403,58
2020,08.16,78,1593,408,60
2020,08.17,84,1677,417,64
2020,08.18,87,1764,425,68
2020,08.19,80,1844,425,73
2020,08.20,83,1927,445,78
2020,08.21,81,2008,460,82
2020,08.22,65,2073,475,83
2020,08.23,70,2143,490,85
2020,08.24,74,2217,505,89
2020,08.25,76,2293,519,92
2020,08.26,72,2365,533,95
2020,08.27,75,2440,550,98
2020,08.28,64,2504,569,100
2020,08.29,59,2563,584,103
2020,08.30,65,2628,599,106
2020,08.31,75,2703,614,109
2020,09.01,62,2765,629,112
2020,09.02,65,2830,646,116
2020,09.03,68,2898,661,120
2020,09.04,75,2973,681,124
2020,09.05,68,3041,698,127
2020,09.06,63,3104,715,130
2020,09.07,67,3171,730,134
2020,09.08,58,3229,744,137
2020,09.09,60,3289,760,140
2020,09.10,62,3351,780,143
2020,09.11,65,3416,797,147
2020,09.12,60,3476,812,150
2020,09.13,30,3506,827,152
2020,09.14,34,3540,842,155
2020,09.15,36,3576,858,157
2020,09.16,38,3614,871,160
2020,09.17,40,3654,889,163
2020,09.18,37,3691,903,165
2020,09.19,40,3731,918,168
2020,09.20,34,3765,932,170
2020,09.21,35,3800,946,172
2020,09.22,33,3833,963,175
2020,09.23,44,3877,983,178
2020,09.24,47,3924,998,181
2020,09.25,42,3966,1013,183
2020,09.26,35,4001,1028,185
2020,09.27,37,4038,1048,188
2020,09.28,34,4072,1062,192
2020,09.29,30,4102,1074,194
2020,09.30,46,4148,1088,197
2020,10.01,52,4200,1103,200
2020,10.02,47,4247,1117,202
2020,10.03,42,4289,1130,203
2020,10.04,40,4329,1143,204
2020,10.05,37,4366,1155,205
2020,10.06,45,4411,1168,207
2020,10.07,46,4457,1183,209
2020,10.08,47,4504,1198,212
2020,10.09,62,4566,1212,215
2020,10.10,50,4616,1235,218
2020,10.11,57,4673,1271,221
2020,10.12,45,4718,1296,224
2020,10.13,56,4774,1331,228
2020,10.14,52,4826,1364,231
2020,10.15,57,4883,1389,234
2020,10.16,48,4931,1425,238
2020,10.17,56,4987,1456,241
2020,10.18,46,5033,1494,245
2020,10.19,44,5077,1528,248
2020,10.20,57,5134,1565,251
2020,10.21,46,5180,1596,254
2020,10.22,44,5224,1629,257
2020,10.23,43,5267,1655,260
2020,10.24,52,5319,1692,264
2020,10.25,40,5359,1722,267
2020,10.26,49,5408,1753,269
2020,10.27,53,5461,1788,272
2020,10.28,67,5528,1821,275
2020,10.29,52,5580,1861,278
2020,10.30,53,5633,1898,281
2020,10.31,50,5683,1937,285
2020,11.01,45,5728,1976,288
2020,11.02,61,5789,2021,292
2020,11.03,54,5843,2061,295
2020,11.04,45,5888,2100,298
2020,11.05,76,5964,2143,301
2020,11.06,76,6040,2195,305
2020,11.07,62,6102,2254,309
2020,11.08,45,6147,2302,313
2020,11.09,68,6215,2357,317
2020,11.10,69,6284,2405,321
2020,11.11,68,6352,2454,325
2020,11.12,69,6421,2504,329
2020,11.13,65,6486,2558,333
2020,11.14,66,6552,2609,337
2020,11.15,61,6613,2665,341
2020,11.16,71,6684,2714,345
2020,11.17,75,6759,2759,350
2020,11.18,77,6836,2817,354
2020,11.19,83,6919,2868,358
2020,11.20,72,6991,2924,363
2020,11.21,88,7079,2986,368
2020,11.22,75,7154,3043,372
2020,11.23,71,7225,3097,376
2020,11.24,70,7295,3155,380
2020,11.25,74,7369,3213,385
2020,11.26,90,7459,3271,391
2020,11.27,83,7542,3330,399
2020,11.28,93,7635,3389,404
2020,11.29,80,7715,3444,409
2020,11.30,82,7797,3500,413
2020,12.01,90,7887,3560,417
2020,12.02,86,7973,3624,422
2020,12.03,86,8059,3689,426
2020,12.04,88,8147,3748,432
2020,12.05,86,8233,3811,437
2020,12.06,87,8320,3879,442
2020,12.07,83,8403,3943,447
2020,12.08,87,8490,4000,452
2020,12.09,90,8580,4059,458
2020,12.10,95,8675,4114,465
2020,12.11,112,8787,4174,476
2020,12.12,124,8911,4243,491
2020,12.13,130,9041,4319,506
2020,12.14,125,9166,4376,518
2020,12.15,136,9302,4432,530
2020,12.16,150,9452,4494,543
2020,12.17,151,9603,4548,554
2020,12.18,156,9759,4616,571
2020,12.19,169,9928,4686,591
2020,12.20,122,10050,4737,601
2020,12.21,145,10195,4786,610
2020,12.22,123,10318,4835,621
2020,12.23,124,10442,4885,630
2020,12.24,129,10571,4927,641
2020,12.25,130,10701,4997,652
2020,12.26,120,10821,5048,660
2020,12.27,111,10932,5093,669
2020,12.28,101,11033,5141,678
2020,12.29,105,11138,5192,686
2020,12.30,105,11243,5248,696
2020,12.31,101,11344,5296,704
2021,01.01,90,11434,5350,711
2021,01.02,92,11526,5420,717
2021,01.03,90,11616,5485,723
2021,01.04,94,11710,5546,729
2021,01.05,89,11799,5615,734
2021,01.06,91,11890,5686,741
2021,01.07,98,11988,5753,747
2021,01.08,96,12084,5824,755
2021,01.09,95,12179,5889,763
2021,01.10,95,12274,5953,768
2021,01.11,90,12364,6029,774
2021,01.12,98,12462,6098,781
2021,01.13,96,12558,6185,790
2021,01.14,102,12660,6259,799
2021,01.15,100,12760,6329,809
2021,01.16,90,12850,6405,817
2021,01.17,92,12942,6474,824
2021,01.18,94,13036,6548,832
2021,01.19,96,13132,6624,841
2021,01.20,92,13224,6696,850
2021,01.21,89,13313,6773,858
2021,01.22,85,13398,6842,866
2021,01.23,81,13479,6918,873
2021,01.24,78,13557,6989,879
2021,01.25,71,13628,7056,885
2021,01.26,69,13697,7121,890
2021,01.27,65,13762,7185,895
2021,01.28,61,13823,7260,900
2021,01.29,62,13885,7329,906
2021,01.30,59,13944,7406,911
2021,01.31,54,13998,7481,916
2021,02.01,50,14048,7562,921
2021,02.02,48,14096,7644,926
2021,02.03,46,14142,7725,929
2021,02.04,60,14202,7807,933
2021,02.05,65,14267,7892,938
2021,02.06,71,14338,7974,943
2021,02.07,70,14408,8053,947
2021,02.08,69,14477,8134,952
2021,02.09,74,14551,8213,958
2021,02.10,60,14611,8288,961
2021,02.11,57,14668,8366,965
2021,02.12,56,14724,8438,968
2021,02.13,41,14765,8520,971
2021,02.14,55,14820,8600,975
2021,02.15,43,14863,8679,978
2021,02.16,43,14906,8754,981
2021,02.17,45,14951,8826,984
2021,02.18,50,15001,8903,987
2021,02.19,44,15045,8982,990
2021,02.20,49,15094,9064,994
2021,02.21,49,15143,9144,996
2021,02.22,36,15179,9221,998
2021,02.23,51,15230,9307,1001
2021,02.24,52,15282,9389,1004
2021,02.25,61,15343,9468,1008
2021,02.26,62,15405,9553,1014
2021,02.27,62,15467,9637,1018
2021,02.28,66,15533,9717,1023
2021,03.01,55,15588,9801,1027
2021,03.02,54,15642,9880,1032
2021,03.03,54,15696,9961,1039
2021,03.04,57,15753,10039,1045
2021,03.05,62,15815,10123,1050
2021,03.06,55,15870,10209,1054
2021,03.07,55,15925,10293,1058
2021,03.08,56,15981,10374,1063
2021,03.09,61,16042,10454,1068
2021,03.10,75,16117,10541,1074
2021,03.11,70,16187,10625,1079
2021,03.12,70,16257,10711,1085
2021,03.13,71,16328,10799,1090
2021,03.14,73,16401,10885,1094
2021,03.15,77,16478,10970,1099
2021,03.16,78,16556,11058,1104
2021,03.17,100,16656,11141,1110
2021,03.18,120,16776,11231,1120
2021,03.19,149,16925,11322,1130
2021,03.20,152,17077,11410,1141
2021,03.21,163,17240,11503,1153
2021,03.22,171,17411,11599,1163
2021,03.23,172,17583,11693,1175
2021,03.24,160,17743,11794,1183
2021,03.25,153,17896,11907,1195
2021,03.26,150,18046,12022,1206
2021,03.27,155,18201,12142,1216
2021,03.28,155,18356,12257,1227
2021,03.29,142,18498,12377,1239
2021,03.30,0,18498,12377,1239
2021,03.31,277,18775,12610,1254
2021,04.01,134,18909,12731,1265
2021,04.02,130,19039,12855,1274
2021,04.03,125,19164,12977,1288
2021,04.04,120,19284,13090,1299
2021,04.05,120,19404,13205,1313
2021,04.06,122,19526,13316,1323
2021,04.07,115,19641,13434,1332
2021,04.08,120,19761,13549,1342
2021,04.09,122,19883,13666,1352
2021,04.10,125,20008,13780,1360
2021,04.11,110,20118,13895,1368
2021,04.12,108,20226,14012,1378
2021,04.13,105,20331,14122,1385
2021,04.14,104,20435,14230,1392
2021,04.15,120,20555,14335,1402
2021,04.16,158,20713,14469,1414
2021,04.17,143,20856,14594,1423
2021,04.18,148,21004,14721,1437
2021,04.19,138,21142,14841,1446
2021,04.20,137,21279,14958,1456
2021,04.21,154,21433,15088,1468
2021,04.22,151,21584,15216,1483
2021,04.23,0,21584,15216,1483
2021,04.24,280,21864,15551,1510
2021,04.25,135,21999,15731,1526
2021,04.26,136,22135,15913,1537
2021,04.27,130,22265,16097,1548
2021,04.28,124,22389,16283,1559
2021,04.29,124,22513,16471,1572
2021,04.30,118,22631,16661,1583
2021,05.01,102,22733,16821,1592
2021,05.02,85,22818,16992,1598
2021,05.03,80,22898,17171,1603
2021,05.04,79,22977,17339,1610
2021,05.05,74,23051,17529,1617
2021,05.06,70,23121,17725,1625
2021,05.07,70,23191,17932,1631
2021,05.08,65,23256,18166,1639
2021,05.09,63,23319,18457,1648
2021,05.10,60,23379,18737,1657
2021,05.11,60,23439,19024,1664
2021,05.12,51,23490,19316,1670
2021,05.13,53,23543,19610,1676
2021,05.14,52,23595,19908,1682
2021,05.15,50,23645,20197,1688
2021,05.16,48,23693,20483,1693
2021,05.17,45,23738,20780,1698
2021,05.18,50,23788,21073,1705
2021,05.19,42,23830,21360,1710
2021,05.20,54,23884,21460,1714
2021,05.21,55,23939,21489,1720
2021,05.22,57,23996,21514,1724
2021,05.23,56,24052,21534,1729
2021,05.24,65,24117,21549,1734
2021,05.25,70,24187,21560,1740
2021,05.26,65,24252,21569,1745
2021,05.27,63,24315,21577,1750
2021,05.28,50,24365,21583,1754
2021,05.29,45,24410,21588,1758
2021,05.30,30,24440,21593,1763
2021,05.31,27,24467,21598,1766
2021,06.01,28,24495,21604,1770
2021,06.02,34,24529,21609,1774
2021,06.03,30,24559,21614,1778
2021,06.04,32,24591,21620,1782
2021,06.05,28,24619,21625,1787
2021,06.06,20,24639,21630,1790
2021,06.07,20,24659,21635,1793
2021,06.08,21,24680,21640,1796
2021,06.09,20,24700,21646,1799
2021,06.10,23,24723,21653,1801
2021,06.11,20,24743,21658,1804
2021,06.12,24,24767,21663,1806
2021,06.13,22,24789,21668,1808
2021,06.14,25,24814,21675,1810
2021,06.15,46,24860,21682,1815
2021,06.16,44,24904,21690,1821
2021,06.17,42,24946,21699,1826
2021,06.18,45,24991,21709,1832
2021,06.19,44,25035,21717,1837
2021,06.20,41,25076,21727,1841
2021,06.21,42,25118,21738,1845
2021,06.22,40,25158,21747,1848
2021,06.23,47,25205,21756,1851
2021,06.24,43,25248,21766,1855
2021,06.25,39,25287,21774,1859
2021,06.26,41,25328,21783,1862
2021,06.27,37,25365,21791,1864
2021,06.28,39,25404,21799,1867
2021,06.29,38,25442,21808,1870
2021,06.30,37,25479,21817,1873
2021,07.01,36,25515,21825,1876
2021,07.02,36,25551,21831,1879
2021,07.03,35,25586,21838,1882
2021,07.04,33,25619,21845,1885
2021,07.05,34,25653,21850,1887
2021,07.06,33,25686,21856,1889
2021,07.07,26,25712,21862,1891
2021,07.08,23,25735,21867,1893
2021,07.09,18,25753,21872,1895
2021,07.10,13,25766,21876,1896
2021,07.11,0,25766,21876,1896
2021,07.12,19,25785,21884,1898
2021,07.13,10,25795,21889,1899
2021,07.14,6,25801,21893,1900
2021,07.15,5,25806,21896,1901
2021,07.16,8,25814,21901,1902
2021,07.17,7,25821,21906,1903
2021,07.18,6,25827,21911,1904
2021,07.19,7,25834,21915,1905
2021,07.20,6,25840,21920,1905
2021,07.21,5,25845,21924,1905
2021,07.22,4,25849,21928,1905
2021,07.23,4,25853,21933,1905
2021,07.24,0,25853,21933,1905
2021,07.25,12,25865,21942,1905
2021,07.26,12,25877,21948,1906
2021,07.27,15,25892,21955,1908
2021,07.28,19,25911,21961,1909
2021,07.29,19,25930,21969,1911
2021,07.30,12,25942,21974,1912
2021,07.31,12,25954,21980,1913
2021,08.01,9,25963,21987,1914
2021,08.02,20,25983,21995,1916
2021,08.03,22,26005,22002,1917
2021,08.04,21,26026,22011,1918
2021,08.05,18,26044,22019,1919
2021,08.06,15,26059,22019,1919
2021,08.07,0,26059,22019,1919
2021,08.08,12,26071,22019,1919
2021,08.09,26,26097,22019,1920
2021,08.10,19,26116,22019,1922
2021,08.11,20,26136,22019,1924
2021,08.12,29,26165,22019,1927
2021,08.13,40,26205,22019,1930
2021,08.14,42,26247,22019,1933
2021,08.15,45,26292,22019,1935
2021,08.16,50,26342,22019,1937
2021,08.17,67,26409,22019,1940
2021,08.18,70,26479,22019,1942
2021,08.19,75,26554,22019,1947
2021,08.20,80,26634,22019,1953
2021,08.21,85,26719,22019,1959
2021,08.22,80,26799,22019,1964
2021,08.23,102,26901,22019,1971
2021,08.24,102,27003,22019,1977
2021,08.25,112,27115,22019,1981
2021,08.26,106,27221,22019,1985
2021,08.27,104,27325,22019,1989
2021,08.28,111,27436,22019,1993
