year,date,confirm_add,confirm,heal,dead
2020,03.12,3,3,0,1
2020,03.13,0,3,0,1
2020,03.14,0,3,0,1
2020,03.15,0,3,0,1
2020,03.16,0,3,0,1
2020,03.17,0,3,0,1
2020,03.18,0,3,0,1
2020,03.19,3,10,0,1
2020,03.20,6,16,0,0
2020,03.21,5,21,0,1
2020,03.22,0,21,0,1
2020,03.23,14,35,0,1
2020,03.24,19,40,0,1
2020,03.25,8,48,1,1
2020,03.26,9,57,1,1
2020,03.27,10,67,1,2
2020,03.28,40,80,4,2
2020,03.29,39,119,4,3
2020,03.30,20,139,4,3
2020,03.31,31,170,4,4
2020,04.01,16,186,8,6
2020,04.02,26,212,12,6
2020,04.03,21,233,13,6
2020,04.04,36,269,15,6
2020,04.05,19,288,15,6
2020,04.06,32,320,15,8
2020,04.07,43,363,18,9
2020,04.08,33,396,27,11
2020,04.09,61,457,27,12
2020,04.10,58,515,28,15
2020,04.11,49,564,51,15
2020,04.12,56,620,77,16
2020,04.13,106,726,121,21
2020,04.14,0,726,121,21
2020,04.15,40,766,132,21
2020,04.16,48,814,151,24
2020,04.17,109,923,171,31
2020,04.18,0,923,192,31
2020,04.19,63,986,227,32
2020,04.20,49,1035,255,34
2020,04.21,52,1087,285,36
2020,04.22,102,1189,341,40
2020,04.23,46,1235,365,43
2020,04.24,0,1235,365,43
2020,04.25,102,1337,416,49
2020,04.26,32,1369,501,54
2020,04.27,0,1369,501,54
2020,04.28,68,1437,575,58
2020,04.29,0,1437,575,58
2020,04.30,30,1467,617,58
2020,05.01,34,1501,681,61
2020,05.02,36,1537,714,64
2020,05.03,74,1611,765,66
2020,05.04,38,1649,827,67
2020,05.05,19,1668,876,69
2020,05.06,17,1685,954,69
2020,05.07,18,1703,1001,69
2020,05.08,38,1741,1078,74
2020,05.09,0,1741,1078,74
2020,05.10,13,1754,1140,74
2020,05.11,12,1766,1193,77
2020,05.12,17,1783,1229,77
2020,05.13,27,1810,1326,79
2020,05.14,20,1830,1383,79
2020,05.15,0,1830,1383,79
2020,05.16,32,1862,1460,79
2020,05.17,10,1872,1495,79
2020,05.18,9,1881,1505,79
2020,05.19,0,1881,1505,79
2020,05.20,6,1887,1538,79
2020,05.21,13,1900,1573,79
2020,05.22,8,1908,1603,80
2020,05.23,8,1916,1631,81
2020,05.24,25,1941,1689,82
2020,05.25,6,1947,1704,82
2020,05.26,16,1963,1709,82
2020,05.27,11,1974,1724,82
2020,05.28,9,1983,1734,82
2020,05.29,22,2005,1760,82
2020,05.30,0,2005,1760,82
2020,05.31,20,2025,1795,83
2020,06.01,58,2083,1826,83
2020,06.02,9,2092,1827,83
2020,06.03,0,2092,1827,83
2020,06.04,27,2119,1839,83
2020,06.05,0,2119,1839,83
2020,06.06,54,2173,1855,83
2020,06.07,18,2191,1862,83
2020,06.08,9,2200,1868,83
2020,06.09,5,2205,1880,83
2020,06.10,0,2205,1880,83
2020,06.11,14,2219,1893,84
2020,06.12,14,2233,1902,84
2020,06.13,0,2233,1902,84
2020,06.14,15,2248,1948,84
2020,06.15,14,2262,1965,84
2020,06.16,11,2273,1994,84
2020,06.17,7,2280,1999,84
2020,06.18,15,2295,2020,85
2020,06.19,10,2305,2037,85
2020,06.20,4,2309,2071,85
2020,06.21,0,2309,2071,85
2020,06.22,6,2315,2113,85
2020,06.23,3,2318,2123,85
2020,06.24,1,2319,2130,85
2020,06.25,2,2321,2171,85
2020,06.26,4,2325,2180,85
2020,06.27,5,2330,2187,86
2020,06.28,2,2332,2201,86
2020,06.29,8,2340,2211,86
2020,06.30,1,2341,2214,86
2020,07.01,7,2348,2218,86
2020,07.02,5,2353,2221,86
2020,07.03,0,2353,2221,86
2020,07.04,16,2369,2227,86
2020,07.05,3,2372,2229,86
2020,07.06,8,2380,2234,86
2020,07.07,0,2380,2234,86
2020,07.08,19,2399,2242,86
2020,07.09,4,2403,2244,86
2020,07.10,0,2403,2244,86
2020,07.11,17,2420,2254,87
2020,07.12,0,2420,2254,87
2020,07.13,8,2428,2268,87
2020,07.14,4,2432,2275,87
2020,07.15,0,2432,2275,87
2020,07.16,6,2438,2277,87
2020,07.17,6,2444,2300,87
2020,07.18,0,2444,2300,87
2020,07.19,1,2445,2304,87
2020,07.20,1,2446,2308,87
2020,07.21,3,2449,2321,87
2020,07.22,13,2462,2326,87
2020,07.23,4,2466,2339,87
2020,07.24,0,2466,2339,87
2020,07.25,3,2469,2341,87
2020,07.26,26,2495,2349,87
2020,07.27,0,2495,2349,87
2020,07.28,60,2555,2352,87
2020,07.29,33,2588,2353,87
2020,07.30,9,2597,2355,87
2020,07.31,11,2608,2355,87
2020,08.01,0,2608,2355,87
2020,08.02,38,2646,2369,87
2020,08.03,0,2646,2369,87
2020,08.04,24,2670,2373,87
2020,08.05,56,2726,2396,88
2020,08.06,0,2726,2396,88
2020,08.07,49,2775,2409,88
2020,08.08,54,2829,2429,88
2020,08.09,59,2888,2442,88
2020,08.10,65,2953,2451,88
2020,08.11,93,3046,2460,88
2020,08.12,47,3093,2472,88
2020,08.13,35,3128,2504,88
2020,08.14,46,3174,2525,89
2020,08.15,55,3229,2547,88
2020,08.16,87,3316,2620,88
2020,08.17,0,3316,2620,88
2020,08.18,48,3364,2692,88
2020,08.19,44,3408,2794,88
2020,08.20,74,3482,2863,88
2020,08.21,83,3565,2894,88
2020,08.22,17,3582,2951,89
2020,08.23,35,3617,3006,89
2020,08.24,65,3682,3044,91
2020,08.25,35,3717,3079,91
2020,08.26,27,3744,3102,91
2020,08.27,15,3759,3159,92
2020,08.28,107,3866,3222,92
2020,08.29,0,3866,3222,92
2020,08.30,59,3925,3273,94
2020,08.31,48,3973,3327,94
2020,09.01,59,4032,3378,94
2020,09.02,33,4065,3395,95
2020,09.03,61,4126,3458,98
2020,09.04,88,4214,3474,100
2020,09.05,52,4266,3487,100
2020,09.06,32,4298,3570,100
2020,09.07,11,4309,3590,101
2020,09.08,43,4352,3642,102
2020,09.09,25,4377,3700,104
2020,09.10,82,4459,3727,104
2020,09.11,92,4551,3779,106
2020,09.12,42,4593,3844,106
2020,09.13,60,4653,3878,108
2020,09.14,31,4684,3930,108
2020,09.15,42,4726,4040,108
2020,09.16,77,4803,4119,108
2020,09.17,73,4876,4131,109
2020,09.18,57,4933,4230,109
2020,09.19,71,5004,4249,111
2020,09.20,51,5055,4284,113
2020,09.21,86,5141,4462,116
2020,09.22,81,5222,4506,117
2020,09.23,48,5270,4582,118
2020,09.24,0,5270,4582,118
2020,09.25,80,5350,4658,118
2020,09.26,0,5350,4658,118
2020,09.27,107,5457,4751,122
2020,09.28,0,5457,4751,122
2020,09.29,74,5531,4866,122
2020,09.30,66,5597,4893,122
2020,10.01,73,5670,4922,122
2020,10.02,0,5670,4922,122
2020,10.03,110,5780,5118,122
2020,10.04,29,5809,5145,122
2020,10.05,0,5809,5145,122
2020,10.06,74,5883,5278,123
2020,10.07,15,5898,5321,123
2020,10.08,19,5917,5371,123
2020,10.09,26,5943,5398,123
2020,10.10,5,5948,5440,123
2020,10.11,30,5978,5540,123
2020,10.12,0,5978,5540,123
2020,10.13,39,6017,5602,123
2020,10.14,18,6035,5653,123
2020,10.15,27,6062,5678,123
2020,10.16,56,6118,5702,124
2020,10.17,52,6170,5753,125
2020,10.18,50,6220,5768,125
2020,10.19,38,6258,5780,127
2020,10.20,0,6258,5780,127
2020,10.21,110,6368,5814,127
2020,10.22,0,6368,5814,127
2020,10.23,111,6479,5899,128
2020,10.24,55,6534,5927,128
2020,10.25,32,6566,5998,128
2020,10.26,0,6566,5998,128
2020,10.27,29,6595,6029,128
2020,10.28,132,6727,6107,128
2020,10.29,0,6727,6107,128
2020,10.30,74,6801,6178,128
2020,10.31,86,6887,6245,128
2020,11.01,0,6887,6245,128
2020,11.02,83,6970,6318,129
2020,11.03,0,6970,6318,129
2020,11.04,65,7035,6374,129
2020,11.05,149,7184,6502,129
2020,11.06,44,7228,6542,130
2020,11.07,39,7267,6582,130
2020,11.08,0,7267,6582,130
2020,11.09,30,7297,6680,130
2020,11.10,52,7349,6721,130
2020,11.11,43,7392,6749,130
2020,11.12,37,7429,6831,130
2020,11.13,58,7487,6924,131
2020,11.14,54,7541,6965,131
2020,11.15,27,7568,7015,131
2020,11.16,22,7590,7060,131
2020,11.17,49,7639,7078,131
2020,11.18,28,7667,7113,131
2020,11.19,58,7725,7201,131
2020,11.20,0,7725,7201,131
2020,11.21,38,7763,7267,131
2020,11.22,35,7798,7307,132
2020,11.23,48,7846,7334,132
2020,11.24,33,7879,7356,132
2020,11.25,71,7950,7428,133
2020,11.26,76,8026,7470,133
2020,11.27,49,8075,7497,133
2020,11.28,35,8110,7525,133
2020,11.29,63,8173,7554,133
2020,11.30,60,8233,7586,134
2020,12.01,51,8284,7631,135
2020,12.02,97,8381,7658,136
2020,12.03,75,8456,7714,136
2020,12.04,75,8531,7770,136
2020,12.05,79,8610,7858,136
2020,12.06,104,8714,7909,136
2020,12.07,68,8782,7963,136
2020,12.08,124,8906,7997,136
2020,12.09,76,8982,8047,136
2020,12.10,124,9106,8137,136
2020,12.11,75,9181,8212,136
2020,12.12,86,9267,8290,136
2020,12.13,87,9354,8371,137
2020,12.14,69,9423,8434,137
2020,12.15,69,9492,8484,137
2020,12.16,96,9588,8592,137
2020,12.17,83,9671,8658,137
2020,12.18,100,9771,8770,137
2020,12.19,122,9893,8912,137
2020,12.20,131,10024,8976,137
2020,12.21,103,10127,9040,137
2020,12.22,115,10242,9126,137
2020,12.23,142,10384,9219,139
2020,12.24,116,10500,9307,139
2020,12.25,217,10717,9378,139
2020,12.26,183,10900,9503,140
2020,12.27,138,11038,9599,141
2020,12.28,167,11205,9705,142
2020,12.29,229,11434,9797,143
2020,12.30,167,11601,9875,143
2020,12.31,86,11687,10003,145
2021,01.01,176,11863,10125,146
2021,01.02,193,12056,10345,146
2021,01.03,169,12225,10494,146
2021,01.04,199,12424,10676,147
2021,01.05,316,12740,10837,147
2021,01.06,224,12964,11036,147
2021,01.07,201,13165,11248,148
2021,01.08,314,13479,11390,148
2021,01.09,344,13823,11531,148
2021,01.10,365,14188,11682,148
2021,01.11,388,14576,11863,151
2021,01.12,431,15007,12022,153
2021,01.13,487,15494,12252,155
2021,01.14,550,16044,12478,158
2021,01.15,505,16549,12699,160
2021,01.16,547,17096,12942,162
2021,01.17,405,17501,13180,166
2021,01.18,650,18151,13543,170
2021,01.19,292,18443,13797,173
2021,01.20,330,18773,14214,175
2021,01.21,349,19122,14491,180
2021,01.22,408,19530,15311,184
2021,01.23,530,20060,15311,188
2021,01.24,567,20627,15881,191
2021,01.25,634,21261,16387,194
2021,01.26,567,21828,17034,197
2021,01.27,1611,23439,18325,204
2021,01.28,0,23439,18325,204
2021,01.29,1325,24764,19613,210
2021,01.30,910,25674,20310,213
2021,01.31,0,25674,20310,213
2021,02.01,1012,26686,20863,214
2021,02.02,906,27592,21856,216
2021,02.03,1044,28636,22921,218
2021,02.04,893,29529,23694,220
2021,02.05,816,30345,24468,225
2021,02.06,845,31190,25364,229
2021,02.07,821,32011,26039,233
2021,02.08,820,32831,26739,238
2021,02.09,653,33484,27594,240
2021,02.10,580,34064,28693,244
2021,02.11,858,34922,29674,249
2021,02.12,850,35772,30695,253
2021,02.13,823,36595,31534,257
2021,02.14,888,37483,32509,261
2021,02.15,806,38289,33167,266
2021,02.16,715,39004,33776,269
2021,02.17,937,39941,34716,274
2021,02.18,824,40765,35324,277
2021,02.19,923,41688,36252,282
2021,02.20,859,42547,37206,287
2021,02.21,937,43484,38190,291
2021,02.22,1039,44523,39125,296
2021,02.23,838,45361,40037,300
2021,02.24,836,46197,40979,304
2021,02.25,699,46896,41903,308
2021,02.26,670,47566,42809,312
2021,02.27,1595,49161,44566,318
2021,02.28,0,49161,44566,318
2021,03.01,618,49779,45242,322
2021,03.02,811,50590,46106,324
2021,03.03,997,51587,46926,328
2021,03.04,914,52501,47626,333
2021,03.05,807,53308,48341,336
2021,03.06,777,54085,49137,341
2021,03.07,750,54835,49889,344
2021,03.08,858,55693,50779,348
2021,03.09,873,56566,51709,350
2021,03.10,1041,57607,52593,352
2021,03.11,772,58379,53450,357
2021,03.12,778,59157,54084,361
2021,03.13,762,59919,54852,365
2021,03.14,639,60558,55761,366
2021,03.15,914,61472,56755,370
2021,03.16,734,62206,57550,373
2021,03.17,792,62998,58610,376
2021,03.18,727,63725,59550,380
2021,03.19,689,64414,60378,384
2021,03.20,1548,65962,62062,392
2021,03.21,796,66758,62860,394
2021,03.22,0,66758,62860,394
2021,03.23,718,67476,63639,397
2021,03.24,774,68250,64432,401
2021,03.25,736,68986,65177,405
2021,03.26,816,69802,66004,408
2021,03.27,832,70634,66847,413
2021,03.28,1869,72503,68499,415
2021,03.29,0,72503,68499,415
2021,03.30,701,73204,69868,421
2021,03.31,2059,75263,70614,424
2021,04.01,0,75263,70614,424
2021,04.02,2090,77353,72351,429
2021,04.03,1029,78382,73089,431
2021,04.04,0,78382,73089,431
2021,04.05,1162,79544,74246,436
2021,04.06,1066,80610,75127,436
2021,04.07,1030,81640,75871,440
2021,04.08,961,82601,76883,442
2021,04.09,914,83515,77953,443
2021,04.10,1017,84532,78916,448
2021,04.11,1040,85572,79958,453
2021,04.12,959,86531,80805,459
2021,04.13,854,87385,81900,467
2021,04.14,1060,88445,83087,476
2021,04.15,959,89404,84114,487
2021,04.16,1004,90408,85121,491
2021,04.17,1040,91448,86142,500
2021,04.18,1026,92474,87061,512
2021,04.19,1037,93511,88035,525
2021,04.20,1060,94571,89073,531
2021,04.21,1183,95754,90067,538
2021,04.22,1006,96760,91034,547
2021,04.23,1207,97967,92050,559
2021,04.24,1241,99208,92960,569
2021,04.25,1110,100318,93948,581
2021,04.26,1185,101503,95095,591
2021,04.27,938,102441,96322,597
2021,04.28,1083,103524,97462,604
2021,04.29,988,104512,98536,614
2021,04.30,1149,105661,99630,632
2021,05.01,1046,106707,100603,644
2021,05.02,915,107622,101475,654
2021,05.03,1071,108693,102339,664
2021,05.04,932,109625,103256,675
2021,05.05,1019,110644,104326,686
2021,05.06,1010,111654,105312,694
2021,05.07,2222,113876,107476,713
2021,05.08,1036,114912,108448,722
2021,05.09,0,114912,108448,722
2021,05.10,1069,115981,109363,732
2021,05.11,1116,117097,110312,741
2021,05.12,1071,118168,111325,755
2021,05.13,1207,119375,112461,768
2021,05.14,1186,120561,113493,778
2021,05.15,1277,121838,114544,785
2021,05.16,1383,123221,115505,796
2021,05.17,1233,124454,116660,804
2021,05.18,1057,125511,117749,814
2021,05.19,1244,126755,119161,826
2021,05.20,1339,128094,120282,834
2021,05.21,1252,129346,121594,840
2021,05.22,1197,130543,122764,849
2021,05.23,1289,131832,124020,863
2021,05.24,1221,133053,125236,877
2021,05.25,1155,134208,126459,890
2021,05.26,1291,135499,127614,901
2021,05.27,1129,136628,128874,912
2021,05.28,1102,137730,130198,921
2021,05.29,1169,138899,131461,933
2021,05.30,1188,140087,132910,943
2021,05.31,1079,141166,134021,950
2021,06.01,1100,142266,135216,958
2021,06.02,1057,143323,136339,965
2021,06.03,1191,144514,137614,977
2021,06.04,1053,145567,138621,985
2021,06.05,1129,146696,139850,992
2021,06.06,1135,147831,140809,1003
2021,06.07,1087,148918,141949,1012
2021,06.08,1185,150103,143105,1025
2021,06.09,1156,151259,144136,1033
2021,06.10,1161,152420,145337,1045
2021,06.11,1158,153578,146418,1057
2021,06.12,1288,154866,147553,1065
2021,06.13,1372,156238,148732,1075
2021,06.14,1470,157708,149759,1087
2021,06.15,2886,160594,152014,1106
2021,06.16,0,160594,152014,1106
2021,06.17,1403,161997,153198,1118
2021,06.18,1418,163415,154494,1123
2021,06.19,1481,164896,155960,1132
2021,06.20,1472,166368,157285,1148
2021,06.21,1436,167804,158488,1159
2021,06.22,1561,169365,159775,1170
2021,06.23,1489,170854,160956,1180
2021,06.24,2055,172909,162531,1193
2021,06.25,1880,174789,164038,1209
2021,06.26,2464,177253,165611,1219
2021,06.27,5101,182354,168872,1241
2021,06.28,0,182354,168872,1241
2021,06.29,5669,188023,172262,1270
2021,06.30,0,188023,172262,1270
2021,07.01,2970,190993,174151,1284
2021,07.02,2952,193945,176030,1302
2021,07.03,3308,197253,178441,1322
2021,07.04,3475,200728,180887,1337
2021,07.05,3519,204247,183520,1351
2021,07.06,3075,207322,186781,1372
2021,07.07,3591,210913,189163,1387
2021,07.08,3664,214577,192234,1405
2021,07.09,3819,218396,195818,1431
2021,07.10,6422,224818,198981,1451
2021,07.11,6750,231568,201817,1490
2021,07.12,6923,238491,204810,1537
2021,07.13,6423,244914,208361,1579
2021,07.14,5613,250527,212023,1608
2021,07.15,6080,256607,215979,1659
2021,07.16,6479,263086,219745,1726
2021,07.17,6460,269546,224265,1791
2021,07.18,6062,275608,230140,1843
2021,07.19,6279,281887,241314,1905
2021,07.20,6505,288392,251795,1966
2021,07.21,6057,294449,256757,2019
2021,07.22,6405,300854,261874,2072
2021,07.23,7745,308599,270757,2137
2021,07.24,7784,316383,276689,2203
2021,07.25,7732,324115,282267,2271
2021,07.26,8853,332968,288414,2351
2021,07.27,8184,341152,296341,2417
2021,07.28,7903,349055,304153,2492
2021,07.29,9323,358378,312169,2560
2021,07.30,8607,366985,320242,2628
2021,07.31,8736,375721,329811,2693
2021,08.01,18622,394343,348487,2845
2021,08.02,0,394343,348487,2845
2021,08.03,18908,413251,364236,2993
2021,08.04,0,413251,364236,2993
2021,08.05,17762,431013,382141,3184
2021,08.06,0,431013,382141,3184
2021,08.07,0,431013,382141,3184
2021,08.08,8886,439899,382141,3259
2021,08.09,26270,466169,382141,3515
2021,08.10,0,466169,382141,3515
2021,08.11,17541,483710,382141,3684
2021,08.12,0,483710,382141,3684
2021,08.13,16506,500216,382141,3842
2021,08.14,0,500216,382141,3842
2021,08.15,8816,509032,382141,3925
2021,08.16,8636,517668,382141,4023
2021,08.17,9169,526837,382141,4088
2021,08.18,9772,536609,382141,4156
2021,08.19,8666,545275,382141,4240
2021,08.20,8972,554247,382141,4319
2021,08.21,9764,564011,382141,4397
2021,08.22,9740,573751,382141,4481
2021,08.23,9548,583299,382141,4544
2021,08.24,9320,592619,382141,4618
2021,08.25,9907,602526,382141,4710
2021,08.26,8637,611163,382141,4806
2021,08.27,8509,619672,382141,4902
2021,08.28,7639,627311,382141,4984
