year,date,confirm_add,confirm,heal,dead
2020,03.18,1,1,0,0
2020,03.19,0,1,0,0
2020,03.20,0,1,0,0
2020,03.21,0,1,0,0
2020,03.22,0,1,0,0
2020,03.23,0,1,0,0
2020,03.24,2,3,0,0
2020,03.25,8,11,0,0
2020,03.26,0,11,0,0
2020,03.27,1,12,0,0
2020,03.28,3,14,0,0
2020,03.29,0,14,0,0
2020,03.30,11,25,0,0
2020,03.31,-7,18,0,0
2020,04.01,12,30,0,0
2020,04.02,10,40,0,0
2020,04.03,9,49,8,0
2020,04.04,1,50,8,0
2020,04.05,9,59,9,0
2020,04.06,0,59,9,0
2020,04.07,31,90,9,0
2020,04.08,45,135,25,0
2020,04.09,0,135,25,0
2020,04.10,15,150,36,1
2020,04.11,37,187,36,2
2020,04.12,27,214,36,2
2020,04.13,0,214,36,2
2020,04.14,149,363,53,2
2020,04.15,0,363,53,2
2020,04.16,72,435,71,2
2020,04.17,297,732,76,2
2020,04.18,0,732,76,2
2020,04.19,0,732,76,2
2020,04.20,114,846,102,2
2020,04.21,0,846,102,2
2020,04.22,128,974,183,2
2020,04.23,12,986,252,2
2020,04.24,13,999,330,2
2020,04.25,9,1008,373,2
2020,04.26,15,1023,411,2
2020,04.27,0,1023,411,2
2020,04.28,12,1035,477,2
2020,04.29,42,1077,599,2
2020,04.30,12,1089,642,2
2020,05.01,0,1089,642,2
2020,05.02,23,1112,686,2
2020,05.03,0,1112,686,2
2020,05.04,4,1116,713,2
2020,05.05,0,1116,713,2
2020,05.06,4,1120,745,2
2020,05.07,4,1124,755,3
2020,05.08,9,1133,799,3
2020,05.09,2,1135,824,3
2020,05.10,54,1189,834,3
2020,05.11,21,1210,847,3
2020,05.12,17,1227,872,3
2020,05.13,29,1256,886,3
2020,05.14,12,1268,900,3
2020,05.15,16,1284,905,3
2020,05.16,25,1309,935,4
2020,05.17,22,1331,950,4
2020,05.18,70,1401,972,4
2020,05.19,117,1518,1033,7
2020,05.20,100,1618,1033,7
2020,05.21,210,1828,1052,9
2020,05.22,219,2047,1055,10
2020,05.23,223,2270,1064,10
2020,05.24,0,2270,1064,10
2020,05.25,198,2468,1079,14
2020,05.26,0,2468,1079,14
2020,05.27,229,2697,1185,18
2020,05.28,217,2914,1241,20
2020,05.29,0,2914,1241,20
2020,05.30,280,3194,1286,22
2020,05.31,160,3354,1504,24
2020,06.01,215,3569,1521,24
2020,06.02,210,3779,1607,25
2020,06.03,0,3779,1607,25
2020,06.04,275,4054,1685,26
2020,06.05,0,4054,1685,26
2020,06.06,115,4169,1815,26
2020,06.07,38,4207,1877,28
2020,06.08,71,4278,2013,31
2020,06.09,0,4278,2013,31
2020,06.10,53,4331,2139,34
2020,06.11,67,4398,2519,37
2020,06.12,43,4441,2730,38
2020,06.13,8,4449,2823,41
2020,06.14,16,4465,2950,43
2020,06.15,0,4465,2950,43
2020,06.16,36,4501,3183,43
2020,06.17,38,4539,3324,43
2020,06.18,6,4545,3411,43
2020,06.19,12,4557,3527,43
2020,06.20,8,4565,3565,45
2020,06.21,17,4582,3859,45
2020,06.22,17,4599,3952,48
2020,06.23,0,4599,3952,48
2020,06.24,31,4630,4182,52
2020,06.25,5,4635,4269,52
2020,06.26,8,4643,4348,52
2020,06.27,0,4643,4348,52
2020,06.28,0,4643,4348,52
2020,06.29,13,4656,4433,53
2020,06.30,0,4656,4433,53
2020,07.01,26,4682,4524,54
2020,07.02,22,4704,4550,55
2020,07.03,32,4736,4580,55
2020,07.04,0,4736,4580,55
2020,07.05,0,4736,4580,55
2020,07.06,56,4792,4593,55
2020,07.07,86,4878,4621,55
2020,07.08,0,4878,4621,55
2020,07.09,11,4889,4644,55
2020,07.10,66,4955,4671,56
2020,07.11,13,4968,4689,56
2020,07.12,4,4972,4712,56
2020,07.13,0,4972,4712,56
2020,07.14,7,4979,4743,56
2020,07.15,0,4979,4743,56
2020,07.16,6,4985,4765,56
2020,07.17,18,5003,4809,56
2020,07.18,0,5003,4809,56
2020,07.19,0,5003,4809,56
2020,07.20,8,5011,4838,56
2020,07.21,16,5027,4884,56
2020,07.22,3,5030,4904,58
2020,07.23,0,5030,4904,58
2020,07.24,1,5031,4927,58
2020,07.25,8,5039,4949,58
2020,07.26,0,5039,4949,58
2020,07.27,11,5050,4966,58
2020,07.28,9,5059,4977,58
2020,07.29,22,5081,4999,58
2020,07.30,0,5081,4999,58
2020,07.31,0,5081,4999,58
2020,08.01,3,5084,4999,58
2020,08.02,77,5161,5019,59
2020,08.03,0,5161,5019,59
2020,08.04,87,5248,5044,59
2020,08.05,82,5330,5057,59
2020,08.06,0,5330,5057,59
2020,08.07,4,5334,5066,59
2020,08.08,4,5338,5083,59
2020,08.09,0,5338,5083,59
2020,08.10,6,5344,5106,59
2020,08.11,3,5347,5120,59
2020,08.12,1,5348,5133,59
2020,08.13,10,5358,5150,59
2020,08.14,0,5358,5167,59
2020,08.15,9,5367,5181,59
2020,08.16,0,5367,5181,59
2020,08.17,2,5369,5202,59
2020,08.18,3,5372,5211,59
2020,08.19,2,5374,5216,59
2020,08.20,0,5374,5216,59
2020,08.21,0,5374,5216,59
2020,08.22,8,5382,5233,60
2020,08.23,0,5382,5233,60
2020,08.24,1,5383,5273,60
2020,08.25,0,5383,5273,60
2020,08.26,0,5383,5282,60
2020,08.27,0,5383,5297,60
2020,08.28,0,5383,5307,60
2020,08.29,2,5385,5314,60
2020,08.30,0,5385,5319,60
2020,08.31,2,5387,5323,60
2020,09.01,0,5387,5323,60
2020,09.02,0,5387,5327,60
2020,09.03,0,5387,5327,60
2020,09.04,0,5387,5327,60
2020,09.05,0,5387,5327,60
2020,09.06,0,5387,5327,60
2020,09.07,1,5388,5327,61
2020,09.08,0,5388,5327,61
2020,09.09,0,5388,5327,61
2020,09.10,3,5391,5327,61
2020,09.11,3,5394,5327,61
2020,09.12,0,5394,5327,61
2020,09.13,1,5395,5330,61
2020,09.14,1,5396,5331,61
2020,09.15,0,5396,5331,61
2020,09.16,0,5396,5331,61
2020,09.17,3,5399,5333,61
2020,09.18,0,5399,5333,61
2020,09.19,4,5403,5333,61
2020,09.20,0,5403,5333,61
2020,09.21,1,5404,5336,61
2020,09.22,0,5404,5336,61
2020,09.23,3,5407,5338,61
2020,09.24,0,5407,5338,61
2020,09.25,0,5407,5339,61
2020,09.26,2,5409,5340,61
2020,09.27,0,5409,5340,61
2020,09.28,0,5409,5340,61
2020,09.29,1,5410,5340,61
2020,09.30,6,5416,5344,61
2020,10.01,0,5416,5344,61
2020,10.02,1,5417,5346,61
2020,10.03,0,5417,5346,61
2020,10.04,1,5418,5347,61
2020,10.05,1,5419,5349,61
2020,10.06,2,5421,5352,61
2020,10.07,2,5423,5353,61
2020,10.08,0,5423,5353,61
2020,10.09,0,5423,5355,61
2020,10.10,0,5423,5355,61
2020,10.11,0,5423,5355,61
2020,10.12,0,5423,5355,61
2020,10.13,3,5426,5360,61
2020,10.14,2,5428,5362,61
2020,10.15,12,5440,5366,61
2020,10.16,3,5443,5368,61
2020,10.17,9,5452,5373,61
2020,10.18,7,5459,5375,61
2020,10.19,0,5459,5375,61
2020,10.20,10,5469,5379,61
2020,10.21,30,5499,5384,61
2020,10.22,13,5512,5387,61
2020,10.23,10,5522,5389,61
2020,10.24,6,5528,5393,61
2020,10.25,2,5530,5398,61
2020,10.26,11,5541,5409,61
2020,10.27,0,5541,5409,61
2020,10.28,3,5544,5421,61
2020,10.29,11,5555,5427,61
2020,10.30,3,5558,5431,61
2020,10.31,1,5559,5437,61
2020,11.01,4,5563,5448,61
2020,11.02,0,5563,5448,61
2020,11.03,10,5573,5460,61
2020,11.04,2,5575,5467,61
2020,11.05,5,5580,5472,61
2020,11.06,19,5599,5479,61
2020,11.07,5,5604,5481,61
2020,11.08,1,5605,5485,61
2020,11.09,3,5608,5486,61
2020,11.10,19,5627,5492,61
2020,11.11,6,5633,5497,61
2020,11.12,2,5635,5501,61
2020,11.13,6,5641,5509,61
2020,11.14,4,5645,5519,61
2020,11.15,0,5645,5519,61
2020,11.16,4,5649,5525,61
2020,11.17,7,5656,5548,61
2020,11.18,0,5656,5548,61
2020,11.19,2,5658,5549,61
2020,11.20,0,5658,5550,61
2020,11.21,3,5661,5552,61
2020,11.22,0,5661,5552,61
2020,11.23,7,5668,5555,61
2020,11.24,1,5669,5569,61
2020,11.25,1,5670,5575,61
2020,11.26,0,5670,5575,61
2020,11.27,6,5676,5576,61
2020,11.28,0,5676,5577,61
2020,11.29,1,5677,5577,61
2020,11.30,2,5679,5584,61
2020,12.01,1,5680,5587,61
2020,12.02,0,5680,5587,61
2020,12.03,2,5682,5587,61
2020,12.04,7,5689,5591,61
2020,12.05,1,5690,5592,61
2020,12.06,11,5701,5593,61
2020,12.07,0,5701,5593,61
2020,12.08,7,5708,5596,61
2020,12.09,9,5717,5599,61
2020,12.10,0,5717,5599,61
2020,12.11,0,5717,5605,61
2020,12.12,8,5725,5612,61
2020,12.13,0,5725,5612,61
2020,12.14,3,5728,5618,61
2020,12.15,21,5749,5628,61
2020,12.16,10,5759,5628,61
2020,12.17,0,5759,5628,61
2020,12.18,11,5770,5635,61
2020,12.19,10,5780,5641,61
2020,12.20,1,5781,5649,61
2020,12.21,2,5783,5668,61
2020,12.22,3,5786,5676,61
2020,12.23,0,5786,5676,61
2020,12.24,3,5789,5681,61
2020,12.25,11,5800,5690,61
2020,12.26,5,5805,5699,61
2020,12.27,0,5805,5699,61
2020,12.28,8,5813,5706,61
2020,12.29,0,5813,5716,61
2020,12.30,11,5824,5723,61
2020,12.31,7,5831,5728,61
2021,01.01,0,5831,5728,61
2021,01.02,9,5840,5735,61
2021,01.03,1,5841,5738,61
2021,01.04,5,5846,5747,61
2021,01.05,0,5846,5747,61
2021,01.06,8,5854,5752,61
2021,01.07,1,5855,5758,61
2021,01.08,10,5865,5772,61
2021,01.09,1,5866,5774,61
2021,01.10,5,5871,5780,61
2021,01.11,0,5871,5780,61
2021,01.12,8,5879,5801,61
2021,01.13,12,5891,5808,61
2021,01.14,0,5891,5808,61
2021,01.15,9,5900,5813,61
2021,01.16,3,5903,5816,61
2021,01.17,0,5903,5819,61
2021,01.18,2,5905,5822,61
2021,01.19,5,5910,5825,61
2021,01.20,0,5910,5825,61
2021,01.21,3,5913,5828,61
2021,01.22,3,5916,5833,61
2021,01.23,1,5917,5837,61
2021,01.24,1,5918,5837,61
2021,01.25,1,5919,5837,61
2021,01.26,1,5920,5840,61
2021,01.27,3,5923,5841,62
2021,01.28,3,5926,5844,62
2021,01.29,3,5929,5845,62
2021,01.30,2,5931,5845,62
2021,01.31,1,5932,5845,63
2021,02.01,0,5932,5845,63
2021,02.02,1,5933,5845,63
2021,02.03,3,5936,5848,63
2021,02.04,0,5936,5848,63
2021,02.05,0,5936,5848,63
2021,02.06,5,5941,5849,63
2021,02.07,6,5947,5852,63
2021,02.08,0,5947,5852,63
2021,02.09,3,5950,5854,63
2021,02.10,9,5959,5854,63
2021,02.11,3,5962,5854,63
2021,02.12,4,5966,5854,63
2021,02.13,1,5967,5854,63
2021,02.14,1,5968,5856,63
2021,02.15,3,5971,5858,63
2021,02.16,10,5981,5865,63
2021,02.17,0,5981,5865,63
2021,02.18,25,6006,5868,63
2021,02.19,2,6008,5869,63
2021,02.20,14,6022,5873,63
2021,02.21,0,6022,5873,63
2021,02.22,4,6026,5879,63
2021,02.23,0,6026,5879,63
2021,02.24,26,6052,5881,63
2021,02.25,0,6052,5886,63
2021,02.26,8,6060,5892,63
2021,02.27,2,6062,5894,63
2021,02.28,3,6065,5895,63
2021,03.01,1,6066,5897,63
2021,03.02,21,6087,5898,63
2021,03.03,2,6089,5920,63
2021,03.04,13,6102,5920,63
2021,03.05,8,6110,5926,63
2021,03.06,24,6134,5931,63
2021,03.07,0,6134,5931,63
2021,03.08,12,6146,5931,63
2021,03.09,11,6157,5935,63
2021,03.10,24,6181,5940,63
2021,03.11,46,6227,5950,63
2021,03.12,7,6234,5956,63
2021,03.13,2,6236,5968,63
2021,03.14,32,6268,5978,63
2021,03.15,0,6268,5978,63
2021,03.16,26,6294,5987,63
2021,03.17,42,6336,5998,63
2021,03.18,49,6385,6007,63
2021,03.19,67,6452,6022,63
2021,03.20,49,6501,6040,63
2021,03.21,87,6588,6083,64
2021,03.22,0,6588,6083,64
2021,03.23,70,6658,6113,64
2021,03.24,113,6771,6146,64
2021,03.25,124,6895,6172,64
2021,03.26,121,7016,6207,64
2021,03.27,233,7249,6250,66
2021,03.28,0,7249,6250,66
2021,03.29,112,7361,6280,67
2021,03.30,0,7361,6280,67
2021,03.31,429,7790,6380,69
2021,04.01,212,8002,6460,70
2021,04.02,429,8431,6630,72
2021,04.03,0,8431,6630,72
2021,04.04,78,8509,6706,72
2021,04.05,187,8696,6791,76
2021,04.06,235,8931,6918,80
2021,04.07,375,9306,7225,90
2021,04.08,0,9306,7225,90
2021,04.09,173,9479,7388,92
2021,04.10,183,9662,7551,94
2021,04.11,60,9722,7763,94
2021,04.12,154,9876,7985,96
2021,04.13,99,9975,8184,100
2021,04.14,102,10077,8394,102
2021,04.15,198,10275,8745,110
2021,04.16,0,10275,8745,110
2021,04.17,110,10385,8880,110
2021,04.18,75,10460,9172,116
2021,04.19,0,10460,9172,116
2021,04.20,50,10510,9385,119
2021,04.21,47,10557,9607,123
2021,04.22,76,10633,9801,129
2021,04.23,0,10633,9801,129
2021,04.24,105,10738,10207,132
2021,04.25,8,10746,10261,132
2021,04.26,139,10885,10458,138
2021,04.27,0,10885,10458,138
2021,04.28,46,10931,10510,142
2021,04.29,55,10986,10570,142
2021,04.30,40,11026,10646,143
2021,05.01,74,11100,10708,143
2021,05.02,57,11157,10816,146
2021,05.03,0,11157,10816,146
2021,05.04,44,11201,10866,146
2021,05.05,67,11268,10961,147
2021,05.06,0,11268,10961,147
2021,05.07,51,11319,11041,148
2021,05.08,0,11319,11041,148
2021,05.09,16,11335,11041,149
2021,05.10,0,11335,11041,149
2021,05.11,20,11355,11132,149
2021,05.12,14,11369,11182,151
2021,05.13,20,11389,11221,151
2021,05.14,0,11389,11221,151
2021,05.15,13,11402,11241,151
2021,05.16,12,11414,11266,151
2021,05.17,20,11434,11266,151
2021,05.18,0,11434,11266,151
2021,05.19,21,11455,11280,151
2021,05.20,30,11485,11305,152
2021,05.21,0,11485,11305,152
2021,05.22,5,11490,11313,152
2021,05.23,1,11491,11325,152
2021,05.24,2,11493,11335,153
2021,05.25,9,11502,11341,153
2021,05.26,5,11507,11344,153
2021,05.27,7,11514,11350,153
2021,05.28,9,11523,11354,153
2021,05.29,0,11523,11354,153
2021,05.30,0,11523,11354,153
2021,05.31,5,11528,11364,154
2021,06.01,5,11533,11369,154
2021,06.02,4,11537,11375,154
2021,06.03,5,11542,11381,154
2021,06.04,2,11544,11382,154
2021,06.05,10,11554,11385,154
2021,06.06,2,11556,11385,154
2021,06.07,6,11562,11385,154
2021,06.08,3,11565,11389,154
2021,06.09,1,11566,11394,154
2021,06.10,1,11567,11395,154
2021,06.11,3,11570,11399,154
2021,06.12,1,11571,11401,154
2021,06.13,1,11572,11401,154
2021,06.14,0,11572,11401,154
2021,06.15,3,11575,11405,154
2021,06.16,0,11575,11408,154
2021,06.17,2,11577,11413,154
2021,06.18,8,11585,11416,154
2021,06.19,1,11586,11421,154
2021,06.20,1,11587,11424,155
2021,06.21,0,11587,11427,155
2021,06.22,4,11591,11431,155
2021,06.23,4,11595,11434,155
2021,06.24,2,11597,11436,155
2021,06.25,0,11597,11436,155
2021,06.26,3,11600,11438,155
2021,06.27,0,11600,11438,155
2021,06.28,1,11601,11438,155
2021,06.29,0,11601,11438,155
2021,06.30,1,11602,11443,155
2021,07.01,0,11602,11443,155
2021,07.02,0,11602,11443,155
2021,07.03,0,11602,11443,155
2021,07.04,2,11604,11445,155
2021,07.05,1,11605,11445,155
2021,07.06,1,11606,11446,155
2021,07.07,3,11609,11446,155
2021,07.08,0,11609,11446,155
2021,07.09,5,11614,11450,155
2021,07.10,0,11614,11450,155
2021,07.11,0,11614,11450,155
2021,07.12,1,11615,11451,155
2021,07.13,6,11621,11454,155
2021,07.14,0,11621,11454,155
2021,07.15,0,11621,11457,155
2021,07.16,1,11622,11457,155
2021,07.17,0,11622,11457,155
2021,07.18,0,11622,11457,155
2021,07.19,5,11627,11461,155
2021,07.20,0,11627,11461,155
2021,07.21,1,11628,11466,155
2021,07.22,0,11628,11466,155
2021,07.23,0,11628,11466,155
2021,07.24,6,11634,11466,155
2021,07.25,1,11635,11472,155
2021,07.26,0,11635,11472,155
2021,07.27,2,11637,11475,155
2021,07.28,3,11640,11477,155
2021,07.29,7,11647,11480,155
2021,07.30,2,11649,11483,155
2021,07.31,2,11651,11488,156
2021,08.01,0,11651,11490,156
2021,08.02,1,11652,11490,156
2021,08.03,1,11653,11491,156
2021,08.04,2,11655,11491,156
2021,08.05,1,11656,11495,156
2021,08.06,0,11656,11495,156
2021,08.07,0,11656,11495,156
2021,08.08,3,11659,11495,156
2021,08.09,3,11662,11495,156
2021,08.10,1,11663,11495,156
2021,08.11,0,11663,11495,156
2021,08.12,6,11669,11495,156
2021,08.13,3,11672,11495,156
2021,08.14,4,11676,11495,156
2021,08.15,0,11676,11495,156
2021,08.16,6,11682,11495,156
2021,08.17,1,11683,11495,156
2021,08.18,6,11689,11495,156
2021,08.19,0,11689,11495,156
2021,08.20,0,11689,11495,156
2021,08.21,1,11690,11495,157
2021,08.22,0,11690,11495,157
2021,08.23,6,11696,11495,157
2021,08.24,2,11698,11495,157
2021,08.25,3,11701,11495,157
2021,08.26,6,11707,11495,157
2021,08.27,5,11712,11495,157
2021,08.28,9,11721,11495,157
