year,date,confirm_add,confirm,heal,dead
2020,03.06,1,1,0,0
2020,03.07,1,2,0,0
2020,03.08,0,2,0,0
2020,03.09,0,2,0,0
2020,03.10,0,2,0,0
2020,03.11,0,2,0,0
2020,03.12,0,2,0,0
2020,03.13,0,2,0,0
2020,03.14,1,3,0,0
2020,03.15,0,3,0,0
2020,03.16,1,5,0,0
2020,03.17,5,10,2,0
2020,03.18,0,10,2,0
2020,03.19,3,13,2,0
2020,03.20,8,21,2,0
2020,03.21,6,27,2,0
2020,03.22,13,40,2,0
2020,03.23,16,56,2,0
2020,03.24,10,66,2,0
2020,03.25,10,66,2,1
2020,03.26,9,75,3,1
2020,03.27,13,88,3,2
2020,03.28,6,94,3,2
2020,03.29,5,99,3,2
2020,03.30,43,142,5,6
2020,03.31,51,193,5,6
2020,04.01,40,233,10,6
2020,04.02,51,284,10,7
2020,04.03,22,306,10,7
2020,04.04,203,509,17,8
2020,04.05,46,555,17,9
2020,04.06,103,658,17,9
2020,04.07,0,658,17,9
2020,04.08,27,685,60,9
2020,04.09,45,730,60,10
2020,04.10,73,803,61,12
2020,04.11,17,820,98,12
2020,04.12,0,820,98,12
2020,04.13,0,820,98,12
2020,04.14,28,848,130,14
2020,04.15,0,848,165,17
2020,04.16,0,848,165,17
2020,04.17,148,996,164,22
2020,04.18,21,1017,177,22
2020,04.19,0,1017,305,42
2020,04.20,0,1017,305,42
2020,04.21,146,1163,329,43
2020,04.22,0,1163,331,43
2020,04.23,0,1163,397,43
2020,04.24,267,1430,668,43
2020,04.25,88,1518,697,53
2020,04.26,103,1621,786,56
2020,04.27,0,1621,786,56
2020,04.28,84,1705,805,58
2020,04.29,101,1806,915,59
2020,04.30,26,1832,934,61
2020,05.01,0,1832,934,61
2020,05.02,0,1832,934,61
2020,05.03,245,2077,953,64
2020,05.04,0,2077,953,64
2020,05.05,27,2104,953,64
2020,05.06,161,2265,1000,64
2020,05.07,2,2267,1002,108
2020,05.08,0,2267,1002,108
2020,05.09,7,2274,1232,108
2020,05.10,305,2579,1465,114
2020,05.11,0,2579,1465,114
2020,05.12,110,2689,1524,125
2020,05.13,0,2689,1524,125
2020,05.14,111,2800,1543,136
2020,05.15,154,2954,1553,139
2020,05.16,151,3105,1567,140
2020,05.17,0,3105,1567,140
2020,05.18,0,3105,1567,140
2020,05.19,424,3529,1567,140
2020,05.20,0,3529,1567,140
2020,05.21,204,3733,1595,146
2020,05.22,555,4288,1808,156
2020,05.23,112,4400,1822,159
2020,05.24,0,4400,1822,159
2020,05.25,490,4890,1865,165
2020,05.26,154,5044,1917,171
2020,05.27,392,5436,1996,175
2020,05.28,0,5436,1996,175
2020,05.29,0,5436,1996,175
2020,05.30,0,5436,3326,177
2020,05.31,468,5904,3568,191
2020,06.01,239,6143,3578,197
2020,06.02,254,6397,3629,199
2020,06.03,188,6585,3676,200
2020,06.04,204,6789,3705,203
2020,06.05,603,7392,4575,205
2020,06.06,207,7599,4587,212
2020,06.07,0,7599,4587,212
2020,06.08,461,8060,4748,212
2020,06.09,252,8312,4794,212
2020,06.10,369,8681,4836,212
2020,06.11,0,8681,4836,212
2020,06.12,0,8681,4836,212
2020,06.13,0,8681,4836,212
2020,06.14,0,8681,4836,212
2020,06.15,1183,9864,5570,276
2020,06.16,0,9864,5570,276
2020,06.17,0,9864,5570,276
2020,06.18,0,9864,5570,276
2020,06.19,774,10638,7548,282
2020,06.20,0,10638,7548,282
2020,06.21,972,11610,7702,301
2020,06.22,282,11892,7710,303
2020,06.23,149,12041,7740,308
2020,06.24,229,12270,7774,313
2020,06.25,322,12592,10100,313
2020,06.26,0,12592,10100,313
2020,06.27,0,12592,10100,313
2020,06.28,0,12592,10100,313
2020,06.29,0,12592,10100,313
2020,06.30,0,12592,10100,313
2020,07.01,0,12592,10100,313
2020,07.02,0,12592,10100,313
2020,07.03,0,12592,10100,313
2020,07.04,0,12592,10100,313
2020,07.05,0,12592,10100,313
2020,07.06,0,12592,10100,313
2020,07.07,2324,14916,11525,359
2020,07.08,0,14916,11525,359
2020,07.09,0,14916,11525,359
2020,07.10,0,14916,11525,359
2020,07.11,0,14916,11525,359
2020,07.12,257,15173,11928,359
2020,07.13,0,15173,11928,359
2020,07.14,0,15173,11928,359
2020,07.15,0,15173,11928,359
2020,07.16,0,15173,11928,359
2020,07.17,984,16157,13728,373
2020,07.18,0,16157,13728,373
2020,07.19,0,16157,13728,373
2020,07.20,0,16157,13728,373
2020,07.21,0,16157,13728,373
2020,07.22,365,16522,13728,382
2020,07.23,0,16522,13728,382
2020,07.24,186,16708,14539,385
2020,07.25,0,16708,14539,385
2020,07.26,0,16708,14539,385
2020,07.27,0,16708,14539,385
2020,07.28,402,17110,14539,391
2020,07.29,69,17179,14539,391
2020,07.30,76,17255,15320,391
2020,07.31,0,17255,15320,391
2020,08.01,0,17255,15320,391
2020,08.02,0,17255,15320,391
2020,08.03,0,17255,15320,391
2020,08.04,0,17255,15320,391
2020,08.05,463,17718,15320,391
2020,08.06,0,17718,15320,391
2020,08.07,0,17718,15320,391
2020,08.08,0,17718,15320,391
2020,08.09,324,18042,15320,395
2020,08.10,0,18042,15320,395
2020,08.11,0,18042,15320,395
2020,08.12,171,18213,15320,398
2020,08.13,50,18263,15320,401
2020,08.14,45,18308,15320,401
2020,08.15,161,18469,15320,401
2020,08.16,0,18469,16540,401
2020,08.17,0,18469,16540,401
2020,08.18,113,18582,16540,403
2020,08.19,17,18599,16540,406
2020,08.20,25,18624,16540,406
2020,08.21,138,18762,16540,408
2020,08.22,0,18762,16540,408
2020,08.23,0,18762,16540,408
2020,08.24,0,18762,16540,408
2020,08.25,0,18762,16540,408
2020,08.26,211,18973,16540,410
2020,08.27,0,18973,16540,410
2020,08.28,169,19142,17651,411
2020,08.29,0,19142,17651,411
2020,08.30,0,19142,17651,411
2020,08.31,0,19142,17651,411
2020,09.01,0,19142,17651,411
2020,09.02,267,19409,17651,414
2020,09.03,51,19460,17651,415
2020,09.04,144,19604,18448,415
2020,09.05,0,19604,18448,415
2020,09.06,0,19604,18448,415
2020,09.07,0,19604,18448,415
2020,09.08,0,19604,18448,415
2020,09.09,244,19848,18448,415
2020,09.10,0,19848,18448,415
2020,09.11,161,20009,18837,415
2020,09.12,0,20009,18837,415
2020,09.13,0,20009,18837,415
2020,09.14,158,20167,18837,415
2020,09.15,61,20228,18837,415
2020,09.16,43,20271,18837,415
2020,09.17,32,20303,18837,415
2020,09.18,0,20303,18837,415
2020,09.19,68,20371,19124,416
2020,09.20,60,20431,19124,416
2020,09.21,0,20431,19124,416
2020,09.22,167,20598,19124,416
2020,09.23,0,20598,19124,416
2020,09.24,92,20690,19124,416
2020,09.25,22,20712,19440,418
2020,09.26,0,20712,19440,418
2020,09.27,23,20735,19440,418
2020,09.28,0,20735,19440,418
2020,09.29,103,20838,19440,418
2020,09.30,0,20838,19440,418
2020,10.01,0,20838,19440,418
2020,10.02,0,20838,19440,418
2020,10.03,86,20924,19764,420
2020,10.04,0,20924,19764,420
2020,10.05,0,20924,19764,420
2020,10.06,0,20924,19764,420
2020,10.07,0,20924,19764,420
2020,10.08,0,20924,19764,420
2020,10.09,279,21203,20117,423
2020,10.10,0,21203,20117,423
2020,10.11,0,21203,20117,423
2020,10.12,0,21203,20117,423
2020,10.13,0,21203,20117,423
2020,10.14,0,21203,20117,423
2020,10.15,238,21441,20117,423
2020,10.16,0,21441,20117,423
2020,10.17,0,21441,20117,423
2020,10.18,0,21441,20117,423
2020,10.19,0,21441,20117,423
2020,10.20,65,21506,20117,424
2020,10.21,64,21570,20117,425
2020,10.22,0,21570,20117,425
2020,10.23,0,21570,20117,425
2020,10.24,0,21570,20117,425
2020,10.25,0,21570,20117,425
2020,10.26,0,21570,20117,425
2020,10.27,223,21793,20117,426
2020,10.28,0,21793,20117,426
2020,10.29,0,21793,20117,426
2020,10.30,0,21793,20117,426
2020,10.31,0,21793,20117,426
2020,11.01,0,21793,20117,426
2020,11.02,310,22103,21151,429
2020,11.03,0,22103,21151,429
2020,11.04,0,22103,21151,429
2020,11.05,0,22103,21151,429
2020,11.06,0,22103,21151,429
2020,11.07,0,22103,21151,429
2020,11.08,239,22342,21151,429
2020,11.09,79,22421,21510,433
2020,11.10,0,22421,21510,433
2020,11.11,0,22421,21510,433
2020,11.12,69,22490,21510,433
2020,11.13,0,22490,21510,433
2020,11.14,93,22583,21510,433
2020,11.15,109,22692,21510,433
2020,11.16,0,22692,21510,433
2020,11.17,0,22692,21510,433
2020,11.18,204,22896,21510,433
2020,11.19,0,22896,21510,433
2020,11.20,632,23528,22177,435
2020,11.21,0,23528,22177,435
2020,11.22,0,23528,22177,435
2020,11.23,0,23528,22177,435
2020,11.24,314,23842,22177,435
2020,11.25,27,23869,22177,436
2020,11.26,46,23915,22177,437
2020,11.27,107,24022,22177,437
2020,11.28,95,24117,22177,437
2020,11.29,0,24117,22177,437
2020,11.30,0,24117,22177,437
2020,12.01,328,24445,22177,437
2020,12.02,42,24487,22177,441
2020,12.03,0,24487,22177,441
2020,12.04,0,24487,22177,441
2020,12.05,265,24752,23344,443
2020,12.06,0,24752,23344,443
2020,12.07,0,24752,23344,443
2020,12.08,0,24752,23344,443
2020,12.09,0,24752,23344,443
2020,12.10,211,24963,23344,443
2020,12.11,0,24963,23344,443
2020,12.12,124,25087,23851,443
2020,12.13,56,25143,23851,443
2020,12.14,0,25143,23851,443
2020,12.15,71,25214,23851,443
2020,12.16,145,25359,23851,445
2020,12.17,113,25472,23851,445
2020,12.18,0,25472,23851,445
2020,12.19,0,25472,23851,445
2020,12.20,252,25724,23851,445
2020,12.21,125,25849,23851,448
2020,12.22,0,25849,23851,448
2020,12.23,0,25849,23851,448
2020,12.24,0,25849,23851,448
2020,12.25,428,26277,24892,448
2020,12.26,0,26277,24892,448
2020,12.27,0,26277,24892,448
2020,12.28,0,26277,24892,448
2020,12.29,0,26277,24892,448
2020,12.30,0,26277,24892,448
2020,12.31,0,26277,24892,448
2021,01.01,0,26277,24892,448
2021,01.02,571,26848,24892,448
2021,01.03,0,26848,24892,448
2021,01.04,0,26848,24892,448
2021,01.05,0,26848,24892,448
2021,01.06,0,26848,24892,448
2021,01.07,0,26848,24892,448
2021,01.08,0,26848,24892,448
2021,01.09,0,26848,24892,448
2021,01.10,0,26848,24892,448
2021,01.11,0,26848,24892,448
2021,01.12,0,26848,24892,448
2021,01.13,488,27336,24892,451
2021,01.14,0,27336,24892,451
2021,01.15,0,27336,24892,451
2021,01.16,0,27336,24892,451
2021,01.17,674,28010,26861,455
2021,01.18,0,28010,26861,455
2021,01.19,0,28010,26861,455
2021,01.20,0,28010,26861,455
2021,01.21,0,28010,26861,455
2021,01.22,0,28010,26861,455
2021,01.23,0,28010,26861,455
2021,01.24,1607,29617,28045,462
2021,01.25,0,29617,28045,462
2021,01.26,0,29617,28045,462
2021,01.27,0,29617,28045,462
2021,01.28,0,29617,28045,462
2021,01.29,0,29617,28045,462
2021,01.30,0,29617,28045,462
2021,01.31,0,29617,28045,462
2021,02.01,0,29617,28045,462
2021,02.02,0,29617,28045,462
2021,02.03,696,30313,28045,474
2021,02.04,0,30313,28045,474
2021,02.05,0,30313,28045,474
2021,02.06,0,30313,28045,474
2021,02.07,1081,31394,29501,474
2021,02.08,0,31394,29501,474
2021,02.09,0,31394,29501,474
2021,02.10,0,31394,29501,474
2021,02.11,0,31394,29501,474
2021,02.12,0,31394,29501,474
2021,02.13,704,32098,29609,479
2021,02.14,0,32098,29609,479
2021,02.15,0,32098,29609,479
2021,02.16,0,32098,29609,479
2021,02.17,0,32098,29609,479
2021,02.18,0,32098,29609,479
2021,02.19,1651,33749,31362,523
2021,02.20,0,33749,31362,523
2021,02.21,0,33749,31362,523
2021,02.22,0,33749,31362,523
2021,02.23,0,33749,31362,523
2021,02.24,0,33749,31362,523
2021,02.25,0,33749,31362,523
2021,02.26,1965,35714,32594,551
2021,02.27,0,35714,32594,551
2021,02.28,0,35714,32594,551
2021,03.01,0,35714,32594,551
2021,03.02,0,35714,32594,551
2021,03.03,0,35714,32594,551
2021,03.04,0,35714,32594,551
2021,03.05,0,35714,32594,551
2021,03.06,0,35714,32594,551
2021,03.07,0,35714,32594,551
2021,03.08,0,35714,32594,551
2021,03.09,1080,36794,32936,566
2021,03.10,0,36794,32936,566
2021,03.11,0,36794,32936,566
2021,03.12,3828,40622,35261,601
2021,03.13,0,40622,35261,601
2021,03.14,0,40622,35261,601
2021,03.15,0,40622,35261,601
2021,03.16,0,40622,35261,601
2021,03.17,0,40622,35261,601
2021,03.18,0,40622,35261,601
2021,03.19,0,40622,35261,601
2021,03.20,0,40622,35261,601
2021,03.21,0,40622,35261,601
2021,03.22,0,40622,35261,601
2021,03.23,0,40622,35261,601
2021,03.24,0,40622,35261,601
2021,03.25,0,40622,35261,601
2021,03.26,0,40622,35261,601
2021,03.27,7047,47669,35261,721
2021,03.28,0,47669,35261,721
2021,03.29,0,47669,35261,721
2021,03.30,0,47669,35261,721
2021,03.31,0,47669,35261,721
2021,04.01,0,47669,35261,721
2021,04.02,9668,57337,35261,851
2021,04.03,0,57337,35261,851
2021,04.04,0,57337,35261,851
2021,04.05,0,57337,35261,851
2021,04.06,0,57337,35261,851
2021,04.07,0,57337,35261,851
2021,04.08,0,57337,35261,851
2021,04.09,4394,61731,35261,919
2021,04.10,0,61731,35261,919
2021,04.11,0,61731,35261,919
2021,04.12,0,61731,35261,919
2021,04.13,0,61731,35261,919
2021,04.14,0,61731,35261,919
2021,04.15,0,61731,35261,919
2021,04.16,0,61731,35261,919
2021,04.17,3078,64809,35261,939
2021,04.18,0,64809,35261,939
2021,04.19,0,64809,35261,939
2021,04.20,0,64809,35261,939
2021,04.21,0,64809,35261,939
2021,04.22,0,64809,35261,939
2021,04.23,0,64809,35261,939
2021,04.24,1189,65998,35261,991
2021,04.25,0,65998,35261,991
2021,04.26,0,65998,35261,991
2021,04.27,0,65998,35261,991
2021,04.28,0,65998,35261,991
2021,04.29,0,65998,35261,991
2021,04.30,6252,72250,35261,1107
2021,05.01,0,72250,35261,1107
2021,05.02,0,72250,35261,1107
2021,05.03,0,72250,35261,1107
2021,05.04,0,72250,35261,1107
2021,05.05,0,72250,35261,1107
2021,05.06,0,72250,35261,1107
2021,05.07,2696,74946,35261,1152
2021,05.08,0,74946,35261,1152
2021,05.09,0,74946,35261,1152
2021,05.10,0,74946,35261,1152
2021,05.11,0,74946,35261,1152
2021,05.12,0,74946,35261,1152
2021,05.13,0,74946,35261,1152
2021,05.14,0,74946,35261,1152
2021,05.15,0,74946,35261,1152
2021,05.16,0,74946,35261,1152
2021,05.17,0,74946,35261,1152
2021,05.18,0,74946,35261,1152
2021,05.19,2483,77429,35261,1189
2021,05.20,0,77429,35261,1189
2021,05.21,0,77429,35261,1189
2021,05.22,304,77733,35261,1239
2021,05.23,0,77733,35261,1239
2021,05.24,0,77733,35261,1239
2021,05.25,0,77733,35261,1239
2021,05.26,0,77733,35261,1239
2021,05.27,249,77982,35261,1270
2021,05.28,0,77982,35261,1270
2021,05.29,0,77982,35261,1270
2021,05.30,947,78929,35261,1275
2021,05.31,0,78929,35261,1275
2021,06.01,0,78929,35261,1275
2021,06.02,0,78929,35261,1275
2021,06.03,0,78929,35261,1275
2021,06.04,0,78929,35261,1275
2021,06.05,0,78929,35261,1275
2021,06.06,0,78929,35261,1275
2021,06.07,0,78929,35261,1275
2021,06.08,0,78929,35261,1275
2021,06.09,975,79904,35261,1302
2021,06.10,0,79904,35261,1302
2021,06.11,0,79904,35261,1302
2021,06.12,186,80090,35261,1310
2021,06.13,0,80090,35261,1310
2021,06.14,0,80090,35261,1310
2021,06.15,0,80090,35261,1310
2021,06.16,0,80090,35261,1310
2021,06.17,238,80328,35261,1313
2021,06.18,0,80328,35261,1313
2021,06.19,0,80328,35261,1313
2021,06.20,0,80328,35261,1313
2021,06.21,0,80328,35261,1313
2021,06.22,0,80328,35261,1313
2021,06.23,159,80487,35261,1320
2021,06.24,0,80487,35261,1320
2021,06.25,0,80487,35261,1320
2021,06.26,0,80487,35261,1320
2021,06.27,0,80487,35261,1320
2021,06.28,0,80487,35261,1320
2021,06.29,0,80487,35261,1320
2021,06.30,371,80858,35261,1324
2021,07.01,0,80858,35261,1324
2021,07.02,0,80858,35261,1324
2021,07.03,0,80858,35261,1324
2021,07.04,0,80858,35261,1324
2021,07.05,0,80858,35261,1324
2021,07.06,0,80858,35261,1324
2021,07.07,0,80858,35261,1324
2021,07.08,0,80858,35261,1324
2021,07.09,0,80858,35261,1324
2021,07.10,0,80858,35261,1324
2021,07.11,0,80858,35261,1324
2021,07.12,0,80858,35261,1324
2021,07.13,0,80858,35261,1324
2021,07.14,0,80858,35261,1324
2021,07.15,0,80858,35261,1324
2021,07.16,0,80858,35261,1324
2021,07.17,609,81467,35261,1330
2021,07.18,0,81467,35261,1330
2021,07.19,0,81467,35261,1330
2021,07.20,0,81467,35261,1330
2021,07.21,0,81467,35261,1330
2021,07.22,0,81467,35261,1330
2021,07.23,404,81871,35261,1332
2021,07.24,0,81871,35261,1332
2021,07.25,132,82003,35261,1334
2021,07.26,0,82003,35261,1334
2021,07.27,61,82064,35261,1334
2021,07.28,0,82064,35261,1334
2021,07.29,0,82064,35261,1334
2021,07.30,0,82064,35261,1334
2021,07.31,0,82064,35261,1334
2021,08.01,0,82064,35261,1334
2021,08.02,0,82064,35261,1334
2021,08.03,0,82064,35261,1334
2021,08.04,0,82064,35261,1334
2021,08.05,0,82064,35261,1334
2021,08.06,0,82064,35261,1334
2021,08.07,0,82064,35261,1334
2021,08.08,0,82064,35261,1334
2021,08.09,0,82064,35261,1334
2021,08.10,0,82064,35261,1334
2021,08.11,0,82064,35261,1334
2021,08.12,390,82454,35261,1338
2021,08.13,0,82454,35261,1338
2021,08.14,0,82454,35261,1338
2021,08.15,0,82454,35261,1338
2021,08.16,0,82454,35261,1338
2021,08.17,0,82454,35261,1338
2021,08.18,0,82454,35261,1338
2021,08.19,0,82454,35261,1338
2021,08.20,0,82454,35261,1338
2021,08.21,0,82454,35261,1338
2021,08.22,0,82454,35261,1338
2021,08.23,0,82454,35261,1338
2021,08.24,0,82454,35261,1338
2021,08.25,0,82454,35261,1338
2021,08.26,0,82454,35261,1338
2021,08.27,971,83425,35261,1350
2021,08.28,0,83425,35261,1350
