year,date,confirm_add,confirm,heal,dead
2020,03.13,1,1,0,0
2020,03.14,0,1,0,0
2020,03.15,3,4,0,0
2020,03.16,1,5,0,0
2020,03.17,0,5,0,0
2020,03.18,1,6,0,0
2020,03.19,0,6,0,0
2020,03.20,3,9,0,0
2020,03.21,0,9,0,0
2020,03.22,2,11,4,0
2020,03.23,0,11,0,0
2020,03.24,1,12,4,0
2020,03.25,0,12,0,0
2020,03.26,0,12,0,0
2020,03.27,4,16,4,0
2020,03.28,0,16,1,0
2020,03.29,3,19,1,0
2020,03.30,7,23,2,0
2020,03.31,2,25,2,0
2020,04.01,4,29,2,0
2020,04.02,0,29,3,0
2020,04.03,6,35,3,0
2020,04.04,3,38,4,0
2020,04.05,5,43,4,1
2020,04.06,1,44,4,2
2020,04.07,8,52,4,2
2020,04.08,3,55,4,2
2020,04.09,1,56,4,2
2020,04.10,9,65,4,2
2020,04.11,4,69,10,3
2020,04.12,2,71,10,3
2020,04.13,3,74,14,3
2020,04.14,8,82,14,3
2020,04.15,3,85,15,3
2020,04.16,7,92,15,3
2020,04.17,4,96,15,3
2020,04.18,9,105,16,3
2020,04.19,3,108,16,3
2020,04.20,3,111,16,3
2020,04.21,3,114,16,3
2020,04.22,2,116,21,3
2020,04.23,0,116,21,3
2020,04.24,1,117,25,3
2020,04.25,5,122,29,3
2020,04.26,1,123,41,3
2020,04.27,1,124,50,3
2020,04.28,2,126,50,3
2020,04.29,4,130,58,3
2020,04.30,1,131,59,3
2020,05.01,2,133,66,3
2020,05.02,0,133,69,3
2020,05.03,0,133,69,3
2020,05.04,7,140,75,3
2020,05.05,5,145,91,4
2020,05.06,17,162,93,4
2020,05.07,25,187,93,4
2020,05.08,7,194,95,4
2020,05.09,16,210,97,5
2020,05.10,29,239,99,5
2020,05.11,11,250,105,5
2020,05.12,11,261,106,5
2020,05.13,2,263,108,5
2020,05.14,9,272,108,5
2020,05.15,15,287,112,5
2020,05.16,19,306,113,5
2020,05.17,11,317,113,5
2020,05.18,35,352,116,5
2020,05.19,13,365,120,5
2020,05.20,24,389,122,5
2020,05.21,9,398,123,5
2020,05.22,31,429,128,5
2020,05.23,65,494,151,5
2020,05.24,88,582,152,5
2020,05.25,73,655,159,5
2020,05.26,46,701,167,6
2020,05.27,30,731,181,6
2020,05.28,100,831,191,7
2020,05.29,137,968,197,8
2020,05.30,95,1063,208,8
2020,05.31,109,1172,209,11
2020,06.01,85,1257,217,12
2020,06.02,87,1344,231,14
2020,06.03,0,1344,231,14
2020,06.04,292,1636,250,18
2020,06.05,169,1805,262,19
2020,06.06,129,1934,281,20
2020,06.07,86,2020,344,27
2020,06.08,136,2156,361,27
2020,06.09,180,2336,379,32
2020,06.10,0,2336,379,32
2020,06.11,334,2670,434,40
2020,06.12,245,2915,451,47
2020,06.13,251,3166,495,55
2020,06.14,179,3345,545,57
2020,06.15,176,3521,620,60
2020,06.16,109,3630,738,61
2020,06.17,129,3759,849,63
2020,06.18,195,3954,934,65
2020,06.19,116,4070,1027,72
2020,06.20,399,4469,1029,72
2020,06.21,63,4532,1213,74
2020,06.22,131,4663,1297,75
2020,06.23,185,4848,1412,75
2020,06.24,186,5034,1486,78
2020,06.25,141,5175,1544,81
2020,06.26,250,5425,1688,89
2020,06.27,0,5425,1688,89
2020,06.28,264,5689,2132,98
2020,06.29,157,5846,2430,103
2020,06.30,0,5846,2430,103
2020,07.01,0,5846,2430,103
2020,07.02,0,5846,2430,103
2020,07.03,0,5846,2430,103
2020,07.04,0,5846,2430,103
2020,07.05,0,5846,2430,103
2020,07.06,0,5846,2430,103
2020,07.07,0,5846,2430,103
2020,07.08,0,5846,2430,103
2020,07.09,928,6774,2430,120
2020,07.10,199,6973,2430,120
2020,07.11,147,7120,2430,124
2020,07.12,282,7402,2430,124
2020,07.13,364,7766,2430,128
2020,07.14,0,7766,2430,128
2020,07.15,203,7969,2430,139
2020,07.16,212,8181,2430,146
2020,07.17,294,8475,2430,148
2020,07.18,328,8803,2430,150
2020,07.19,344,9147,2430,163
2020,07.20,356,9503,2430,167
2020,07.21,704,10207,2430,170
2020,07.22,865,11072,5448,180
2020,07.23,452,11524,5506,188
2020,07.24,409,11933,5645,197
2020,07.25,1315,13248,5966,209
2020,07.26,0,13248,5966,209
2020,07.27,720,13968,6216,223
2020,07.28,579,14547,6386,228
2020,07.29,653,15200,6526,239
2020,07.30,610,15810,6685,253
2020,07.31,805,16615,6763,263
2020,08.01,915,17530,6950,274
2020,08.02,469,17999,7195,284
2020,08.03,707,18706,7601,310
2020,08.04,583,19289,7931,336
2020,08.05,1047,20336,8598,356
2020,08.06,0,20336,8598,356
2020,08.07,564,20900,9027,365
2020,08.08,552,21452,9415,380
2020,08.09,801,22253,9707,390
2020,08.10,565,22818,10206,407
2020,08.11,773,23591,10411,420
2020,08.12,584,24175,10696,440
2020,08.13,943,25118,11034,463
2020,08.14,1086,26204,11428,479
2020,08.15,1038,27242,11660,492
2020,08.16,1652,28894,12037,509
2020,08.17,982,29876,12359,528
2020,08.18,1460,31336,12524,544
2020,08.19,1386,32722,12938,572
2020,08.20,1336,34058,13308,600
2020,08.21,1778,35836,13536,620
2020,08.22,1829,37665,13913,637
2020,08.23,1368,39033,14480,662
2020,08.24,1638,40671,14995,678
2020,08.25,1472,42143,15262,692
2020,08.26,1545,43688,15796,709
2020,08.27,1533,45221,16311,725
2020,08.28,1186,46407,16829,745
2020,08.29,1733,48140,17415,758
2020,08.30,1514,49654,18116,770
2020,08.31,1468,51122,18382,793
2020,09.01,1009,52131,18994,809
2020,09.02,1173,53304,19487,828
2020,09.03,1105,54409,19903,846
2020,09.04,804,55213,20283,856
2020,09.05,1303,56516,20612,880
2020,09.06,950,57466,20776,897
2020,09.07,1206,58672,21307,918
2020,09.08,976,59648,21789,933
2020,09.09,1136,60784,22677,949
2020,09.10,916,61700,23054,966
2020,09.11,878,62578,23640,974
2020,09.12,789,63367,24024,986
2020,09.13,521,63888,24493,996
2020,09.14,413,64301,24983,1013
2020,09.15,485,64786,25333,1022
2020,09.16,700,65486,25988,1035
2020,09.17,738,66224,26665,1045
2020,09.18,689,66913,27085,1060
2020,09.19,602,67515,27638,1072
2020,09.20,616,68131,27939,1089
2020,09.21,689,68820,28314,1096
2020,09.22,889,69709,28634,1108
2020,09.23,713,70422,28991,1127
2020,09.24,661,71083,29253,1141
2020,09.25,604,71687,29461,1148
2020,09.26,486,72173,29863,1155
2020,09.27,527,72700,30029,1165
2020,09.28,632,73332,30363,1170
2020,09.29,612,73944,30753,1177
2020,09.30,640,74584,30952,1191
2020,10.01,784,75368,31204,1198
2020,10.02,730,76098,31430,1205
2020,10.03,890,76988,31677,1208
2020,10.04,872,77860,32325,1214
2020,10.05,959,78819,33060,1222
2020,10.06,618,79437,34016,1230
2020,10.07,566,80003,34960,1238
2020,10.08,892,80895,35670,1255
2020,10.09,902,81797,36434,1262
2020,10.10,865,82662,37102,1271
2020,10.11,767,83429,37683,1277
2020,10.12,866,84295,38316,1287
2020,10.13,841,85136,38904,1301
2020,10.14,582,85718,39307,1305
2020,10.15,712,86430,40165,1312
2020,10.16,739,87169,40988,1325
2020,10.17,665,87834,41628,1337
2020,10.18,600,88434,42099,1346
2020,10.19,703,89137,42649,1352
2020,10.20,723,89860,43149,1365
2020,10.21,630,90490,43638,1371
2020,10.22,628,91118,44506,1384
2020,10.23,575,91693,45260,1396
2020,10.24,536,92229,46118,1400
2020,10.25,629,92858,46842,1419
2020,10.26,485,93343,47543,1426
2020,10.27,364,93707,48150,1437
2020,10.28,511,94218,48968,1445
2020,10.29,602,94820,49886,1451
2020,10.30,481,95301,50753,1457
2020,10.31,488,95789,51713,1464
2020,11.01,380,96169,52517,1469
2020,11.02,414,96583,53452,1478
2020,11.03,359,96942,54405,1489
2020,11.04,560,97502,55254,1494
2020,11.05,379,97881,56156,1503
2020,11.06,510,98391,57114,1508
2020,11.07,355,98746,58103,1512
2020,11.08,455,99201,58948,1518
2020,11.09,474,99675,59766,1523
2020,11.10,307,99982,60710,1530
2020,11.11,345,100327,61516,1537
2020,11.12,400,100727,62497,1545
2020,11.13,521,101248,63268,1554
2020,11.14,509,101757,63571,1558
2020,11.15,564,102321,63675,1565
2020,11.16,399,102720,63866,1569
2020,11.17,336,103056,64130,1581
2020,11.18,339,103395,64293,1588
2020,11.19,533,103928,64593,1601
2020,11.20,499,104427,64983,1607
2020,11.21,452,104879,65325,1620
2020,11.22,473,105352,65534,1636
2020,11.23,433,105785,65691,1647
2020,11.24,418,106203,65839,1651
2020,11.25,388,106591,66018,1661
2020,11.26,518,107109,66574,1664
2020,11.27,560,107669,67001,1672
2020,11.28,769,108438,67506,1686
2020,11.29,492,108930,68250,1695
2020,11.30,604,109534,69315,1700
2020,12.01,540,110074,73808,1706
2020,12.02,480,110554,74917,1709
2020,12.03,430,110984,76067,1715
2020,12.04,595,111579,77385,1724
2020,12.05,512,112091,78619,1734
2020,12.06,649,112740,79579,1745
2020,12.07,555,113295,80831,1747
2020,12.08,440,113735,82803,1755
2020,12.09,531,114266,84948,1766
2020,12.10,568,114834,87244,1769
2020,12.11,526,115360,88975,1779
2020,12.12,422,115782,91209,1791
2020,12.13,515,116297,92449,1803
2020,12.14,472,116769,93890,1806
2020,12.15,473,117242,95225,1809
2020,12.16,300,117542,96307,1813
2020,12.17,464,118006,97969,1818
2020,12.18,475,118481,99751,1831
2020,12.19,544,119025,100859,1843
2020,12.20,469,119494,102153,1846
2020,12.21,457,119951,102980,1853
2020,12.22,397,120348,103681,1861
2020,12.23,290,120638,104818,1864
2020,12.24,351,120989,105824,1870
2020,12.25,410,121399,106845,1882
2020,12.26,481,121880,107599,1897
2020,12.27,533,122413,108269,1901
2020,12.28,451,122864,109293,1909
2020,12.29,281,123145,109846,1912
2020,12.30,243,123388,110739,1913
2020,12.31,468,123856,111870,1918
2021,01.01,408,124264,112096,1923
2021,01.02,388,124652,112251,1937
2021,01.03,397,125049,112325,1944
2021,01.04,573,125622,112367,1948
2021,01.05,297,125919,112610,1950
2021,01.06,322,126241,112813,1963
2021,01.07,545,126786,112974,1965
2021,01.08,441,127227,113021,1966
2021,01.09,345,127572,113182,1974
2021,01.10,220,127792,113295,1985
2021,01.11,524,128316,113374,1994
2021,01.12,300,128616,113563,2003
2021,01.13,376,128992,114262,2004
2021,01.14,463,129455,114567,2006
2021,01.15,467,129922,114749,2008
2021,01.16,404,130326,115428,2023
2021,01.17,446,130772,116045,2029
2021,01.18,423,131195,116147,2030
2021,01.19,351,131546,116335,2033
2021,01.20,181,131727,116392,2037
2021,01.21,307,132034,117353,2044
2021,01.22,292,132326,118006,2057
2021,01.23,555,132881,118513,2060
2021,01.24,417,133298,118730,2063
2021,01.25,469,133767,119416,2066
2021,01.26,365,134132,120199,2071
2021,01.27,437,134569,120748,2075
2021,01.28,476,135045,121594,2083
2021,01.29,549,135594,121860,2085
2021,01.30,771,136365,121987,2087
2021,01.31,656,137021,122588,2091
2021,02.01,629,137650,122862,2093
2021,02.02,734,138384,122968,2103
2021,02.03,477,138861,123806,2116
2021,02.04,547,139408,123988,2122
2021,02.05,749,140157,124242,2126
2021,02.06,726,140883,125241,2136
2021,02.07,570,141453,125531,2145
2021,02.08,885,142338,125619,2148
2021,02.09,656,142994,125756,2156
2021,02.10,572,143566,126004,2158
2021,02.11,683,144249,126797,2167
2021,02.12,613,144862,127622,2171
2021,02.13,686,145548,127864,2177
2021,02.14,156,145704,128019,2181
2021,02.15,1388,147092,128742,2194
2021,02.16,733,147825,128946,2209
2021,02.17,665,148490,129145,2223
2021,02.18,818,149308,130124,2237
2021,02.19,871,150179,130399,2249
2021,02.20,837,151016,130566,2259
2021,02.21,841,151857,131241,2271
2021,02.22,949,152806,131366,2279
2021,02.23,735,153541,131713,2293
2021,02.24,716,154257,133051,2305
2021,02.25,977,155234,133438,2316
2021,02.26,878,156112,133607,2321
2021,02.27,935,157047,134561,2340
2021,02.28,1006,158053,134736,2354
2021,03.01,1019,159072,134858,2365
2021,03.02,900,159972,135177,2373
2021,03.03,841,160813,136079,2386
2021,03.04,1161,161974,136443,2391
2021,03.05,980,162954,137203,2394
2021,03.06,1119,164073,137431,2404
2021,03.07,956,165029,137785,2420
2021,03.08,1109,166138,138500,2429
2021,03.09,995,167133,138639,2442
2021,03.10,1202,168335,139532,2451
2021,03.11,1543,169878,140035,2466
2021,03.12,1332,171210,140840,2483
2021,03.13,1361,172571,141195,2510
2021,03.14,1483,174054,142041,2540
2021,03.15,1413,175467,143710,2550
2021,03.16,1151,176618,143828,2555
2021,03.17,1490,178108,144488,2573
2021,03.18,1704,179812,145019,2592
2021,03.19,2057,181869,145349,2602
2021,03.20,1994,183863,145687,2618
2021,03.21,1778,185641,146273,2647
2021,03.22,1724,187365,147452,2659
2021,03.23,1537,188902,148571,2674
2021,03.24,1692,190594,149590,2693
2021,03.25,1981,192575,150642,2718
2021,03.26,1949,194524,151172,2741
2021,03.27,2097,196621,152508,2769
2021,03.28,2173,198794,153236,2784
2021,03.29,1769,200563,154323,2801
2021,03.30,0,200563,154323,2801
2021,03.31,0,200563,154323,2801
2021,04.01,6026,206589,158109,2865
2021,04.02,2372,208961,159436,2890
2021,04.03,2353,211314,159929,2915
2021,04.04,1997,213311,161226,2936
2021,04.05,1878,215189,161968,2963
2021,04.06,2138,217327,163022,3000
2021,04.07,2054,219381,163956,3025
2021,04.08,2163,221544,166135,3058
2021,04.09,2121,223665,166752,3078
2021,04.10,1851,225516,167945,3111
2021,04.11,1739,227255,169038,3146
2021,04.12,1741,228996,170633,3174
2021,04.13,1948,230944,171980,3208
2021,04.14,1568,232512,173818,3230
2021,04.15,1893,234405,174591,3252
2021,04.16,2149,236554,175879,3285
2021,04.17,1973,238527,177629,3300
2021,04.18,1709,240236,178705,3328
2021,04.19,1792,242028,179315,3370
2021,04.20,1603,243631,180645,3392
2021,04.21,1524,245155,181935,3439
2021,04.22,1329,246484,183932,3474
2021,04.23,1505,247989,185107,3496
2021,04.24,1303,249292,188080,3511
2021,04.25,1663,250955,190013,3531
2021,04.26,1324,252279,192747,3551
2021,04.27,841,253120,193497,3570
2021,04.28,924,254044,195547,3605
2021,04.29,1244,255288,196424,3639
2021,04.30,1130,256418,197916,3658
2021,05.01,1024,257442,198862,3688
2021,05.02,620,258062,200148,3709
2021,05.03,322,258384,200508,3726
2021,05.04,429,258813,201156,3757
2021,05.05,541,259354,202679,3772
2021,05.06,785,260139,203408,3795
2021,05.07,663,260802,205458,3822
2021,05.08,778,261580,206870,3840
2021,05.09,637,262217,208314,3871
2021,05.10,485,262702,210030,3888
2021,05.11,418,263120,211493,3897
2021,05.12,552,263672,212567,3911
2021,05.13,695,264367,214808,3938
2021,05.14,593,264960,215734,3951
2021,05.15,453,265413,217370,3964
2021,05.16,419,265832,218866,3976
2021,05.17,432,266264,219566,3996
2021,05.18,382,266646,220642,4008
2021,05.19,454,267100,221451,4021
2021,05.20,497,267597,222560,4038
2021,05.21,438,268035,223993,4048
2021,05.22,485,268520,225480,4060
2021,05.23,381,268901,227080,4068
2021,05.24,293,269194,228757,4076
2021,05.25,306,269500,230784,4084
2021,05.26,282,269782,231635,4093
2021,05.27,398,270180,233216,4108
2021,05.28,347,270527,234426,4127
2021,05.29,417,270944,235850,4139
2021,05.30,256,271200,236774,4143
2021,05.31,145,271345,237544,4155
2021,06.01,196,271541,238734,4165
2021,06.02,249,271790,239475,4171
2021,06.03,246,272036,242442,4178
2021,06.04,249,272285,243378,4185
2021,06.05,347,272632,244650,4193
2021,06.06,173,272805,245648,4201
2021,06.07,109,272914,246247,4209
2021,06.08,110,273024,246883,4213
2021,06.09,151,273175,247502,4220
2021,06.10,223,273398,248285,4226
2021,06.11,280,273678,249028,4231
2021,06.12,214,273892,249471,4235
2021,06.13,136,274028,250089,4237
2021,06.14,159,274187,250664,4242
2021,06.15,159,274346,251107,4250
2021,06.16,134,274480,251880,4257
2021,06.17,121,274601,252451,4260
2021,06.18,174,274775,253195,4262
2021,06.19,124,274899,253634,4276
2021,06.20,137,275036,254296,4280
2021,06.21,158,275194,254948,4283
2021,06.22,124,275318,255502,4286
2021,06.23,73,275391,255962,4290
2021,06.24,111,275502,256787,4292
2021,06.25,99,275601,257429,4296
2021,06.26,168,275769,258203,4302
2021,06.27,112,275881,258491,4309
2021,06.28,54,275935,259044,4314
2021,06.29,39,275974,259617,4315
2021,06.30,63,276037,260302,4320
2021,07.01,137,276174,260372,4320
2021,07.02,76,276250,260737,4325
2021,07.03,73,276323,260737,4327
2021,07.04,45,276368,260949,4330
2021,07.05,67,276435,261025,4331
2021,07.06,68,276503,261156,4332
2021,07.07,95,276598,261656,4335
2021,07.08,85,276683,261749,4338
2021,07.09,116,276799,261817,4341
2021,07.10,72,276871,261933,4342
2021,07.11,113,276984,261979,4343
2021,07.12,87,277071,261989,4343
2021,07.13,66,277137,262022,4343
2021,07.14,75,277212,262102,4347
2021,07.15,106,277318,262167,4349
2021,07.16,125,277443,262206,4350
2021,07.17,93,277536,262237,4352
2021,07.18,79,277615,262265,4354
2021,07.19,81,277696,262314,4357
2021,07.20,84,277780,262457,4357
2021,07.21,97,277877,262550,4359
2021,07.22,82,277959,262588,4360
2021,07.23,146,278105,262692,4363
2021,07.24,128,278233,262750,4365
2021,07.25,213,278446,262848,4367
2021,07.26,97,278543,262862,4369
2021,07.27,174,278717,262925,4371
2021,07.28,203,278920,262968,4374
2021,07.29,233,279153,263066,4376
2021,07.30,476,279629,263392,4381
2021,07.31,395,280024,263425,4383
2021,08.01,341,280365,263500,4385
2021,08.02,200,280565,263587,4390
2021,08.03,268,280833,263694,4391
2021,08.04,467,281300,263885,4395
2021,08.05,511,281811,264008,4403
2021,08.06,687,282498,264008,4406
2021,08.07,0,282498,264008,4406
2021,08.08,584,283082,264008,4415
2021,08.09,1009,284091,264008,4426
2021,08.10,440,284531,264008,4430
2021,08.11,882,285413,264008,4440
2021,08.12,873,286286,264008,4450
2021,08.13,898,287184,264008,4452
2021,08.14,975,288159,264008,4460
2021,08.15,629,288788,264008,4471
2021,08.16,486,289274,264008,4478
2021,08.17,688,289962,264008,4489
2021,08.18,856,290818,264008,4495
2021,08.19,985,291803,264008,4505
2021,08.20,928,292731,264008,4518
2021,08.21,1006,293737,264008,4539
2021,08.22,1282,295019,264008,4553
2021,08.23,785,295804,264008,4561
2021,08.24,927,296731,264008,4571
2021,08.25,1266,297997,264008,4580
2021,08.26,2095,300092,264008,4593
2021,08.27,1621,301713,264008,4606
2021,08.28,1458,303171,264008,4618
