year,date,confirm_add,confirm,heal,dead
2020,03.02,1,1,0,0
2020,03.03,0,1,0,0
2020,03.04,0,1,0,0
2020,03.05,0,1,0,0
2020,03.06,0,1,0,0
2020,03.07,0,1,0,0
2020,03.08,0,1,0,0
2020,03.09,0,1,0,0
2020,03.10,0,1,0,0
2020,03.11,0,1,0,0
2020,03.12,0,1,0,0
2020,03.13,1,2,1,0
2020,03.14,0,2,1,0
2020,03.15,0,2,1,0
2020,03.16,0,2,1,0
2020,03.17,13,15,1,0
2020,03.18,25,40,1,0
2020,03.19,14,54,1,0
2020,03.20,21,75,1,0
2020,03.21,13,88,1,0
2020,03.22,26,114,1,1
2020,03.23,19,133,1,1
2020,03.24,31,164,1,1
2020,03.25,21,185,1,1
2020,03.26,35,220,1,1
2020,03.27,43,263,1,1
2020,03.28,4,267,1,3
2020,03.29,67,334,6,6
2020,03.30,0,334,6,6
2020,03.31,36,370,10,8
2020,04.01,20,390,10,14
2020,04.02,38,428,10,15
2020,04.03,11,439,16,16
2020,04.04,27,466,21,17
2020,04.05,35,501,26,18
2020,04.06,0,501,26,18
2020,04.07,24,525,31,21
2020,04.08,39,564,52,23
2020,04.09,19,583,58,25
2020,04.10,18,601,71,26
2020,04.11,0,601,71,26
2020,04.12,37,638,128,29
2020,04.13,8,646,128,29
2020,04.14,0,646,128,29
2020,04.15,27,673,169,33
2020,04.16,0,673,169,33
2020,04.17,23,696,191,35
2020,04.18,8,704,205,35
2020,04.19,0,704,205,35
2020,04.20,9,713,235,36
2020,04.21,4,717,248,37
2020,04.22,0,717,282,37
2020,04.23,6,723,309,37
2020,04.24,0,723,333,37
2020,04.25,8,731,344,40
2020,04.26,7,738,344,40
2020,04.27,0,738,344,40
2020,04.28,5,743,385,40
2020,04.29,0,743,398,41
2020,04.30,0,743,423,42
2020,05.01,2,745,468,42
2020,05.02,0,745,468,43
2020,05.03,2,747,472,44
2020,05.04,1,748,493,45
2020,05.05,2,750,499,45
2020,05.06,1,751,514,46
2020,05.07,0,751,521,46
2020,05.08,1,752,526,47
2020,05.09,0,752,537,47
2020,05.10,2,754,545,48
2020,05.11,1,755,550,48
2020,05.12,0,755,550,48
2020,05.13,3,758,568,48
2020,05.14,2,760,576,49
2020,05.15,1,761,596,49
2020,05.16,0,761,604,49
2020,05.17,0,761,615,51
2020,05.18,0,761,617,51
2020,05.19,0,761,628,51
2020,05.20,0,761,628,51
2020,05.21,1,762,639,51
2020,05.22,0,762,639,51
2020,05.23,0,762,652,51
2020,05.24,0,762,653,51
2020,05.25,1,763,663,51
2020,05.26,0,763,663,51
2020,05.27,0,763,676,51
2020,05.28,0,763,676,51
2020,05.29,1,764,684,51
2020,05.30,0,764,684,51
2020,05.31,0,764,692,51
2020,06.01,0,764,694,51
2020,06.02,3,767,733,51
2020,06.03,77,844,733,51
2020,06.04,8,852,738,51
2020,06.05,0,852,741,51
2020,06.06,0,852,741,51
2020,06.07,0,852,741,51
2020,06.08,0,852,744,51
2020,06.09,0,852,751,51
2020,06.10,0,852,757,51
2020,06.11,0,852,759,51
2020,06.12,1,853,781,51
2020,06.13,0,853,781,51
2020,06.14,0,853,781,51
2020,06.15,0,853,789,51
2020,06.16,1,854,789,52
2020,06.17,0,854,791,52
2020,06.18,1,855,792,52
2020,06.19,0,855,792,52
2020,06.20,0,855,792,52
2020,06.21,0,855,792,52
2020,06.22,0,855,796,52
2020,06.23,0,855,796,52
2020,06.24,0,855,797,52
2020,06.25,0,855,797,52
2020,06.26,0,855,797,52
2020,06.27,0,855,799,52
2020,06.28,0,855,799,52
2020,06.29,0,855,799,52
2020,06.30,0,855,799,52
2020,07.01,0,855,799,52
2020,07.02,0,855,799,52
2020,07.03,0,855,800,52
2020,07.04,0,855,800,52
2020,07.05,0,855,800,52
2020,07.06,0,855,800,52
2020,07.07,0,855,800,52
2020,07.08,0,855,800,52
2020,07.09,0,855,802,52
2020,07.10,0,855,803,52
2020,07.11,0,855,803,52
2020,07.12,0,855,803,52
2020,07.13,0,855,803,52
2020,07.14,3,858,803,52
2020,07.15,3,861,803,52
2020,07.16,1,862,803,52
2020,07.17,18,880,803,52
2020,07.18,0,880,803,52
2020,07.19,0,880,803,52
2020,07.20,0,880,803,52
2020,07.21,4,884,803,52
2020,07.22,0,884,803,52
2020,07.23,5,889,803,52
2020,07.24,0,889,803,52
2020,07.25,8,897,803,52
2020,07.26,0,897,803,52
2020,07.27,10,907,803,52
2020,07.28,0,907,803,52
2020,07.29,0,907,803,52
2020,07.30,11,918,804,52
2020,07.31,7,925,807,52
2020,08.01,0,925,807,52
2020,08.02,0,925,807,52
2020,08.03,12,937,821,52
2020,08.04,2,939,825,52
2020,08.05,0,939,825,52
2020,08.06,5,944,828,52
2020,08.07,0,944,828,52
2020,08.08,11,955,839,52
2020,08.09,0,955,839,52
2020,08.10,8,963,839,52
2020,08.11,0,963,839,52
2020,08.12,0,963,839,52
2020,08.13,14,977,855,53
2020,08.14,4,981,858,53
2020,08.15,8,989,863,53
2020,08.16,0,989,863,53
2020,08.17,0,989,863,53
2020,08.18,16,1005,869,53
2020,08.19,0,1005,869,53
2020,08.20,19,1024,875,53
2020,08.21,0,1024,875,53
2020,08.22,21,1045,875,53
2020,08.23,0,1045,875,53
2020,08.24,0,1045,875,53
2020,08.25,15,1060,877,53
2020,08.26,38,1098,893,53
2020,08.27,0,1098,893,53
2020,08.28,0,1098,893,53
2020,08.29,26,1124,902,53
2020,08.30,0,1124,902,53
2020,08.31,0,1124,902,53
2020,09.01,52,1176,908,53
2020,09.02,8,1184,908,53
2020,09.03,15,1199,909,53
2020,09.04,0,1199,909,53
2020,09.05,16,1215,928,53
2020,09.06,0,1215,928,53
2020,09.07,0,1215,928,53
2020,09.08,46,1261,934,53
2020,09.09,0,1261,934,53
2020,09.10,40,1301,938,53
2020,09.11,43,1344,943,53
2020,09.12,0,1344,943,53
2020,09.13,0,1344,943,53
2020,09.14,0,1344,943,53
2020,09.15,94,1438,945,53
2020,09.16,0,1438,945,53
2020,09.17,45,1483,1054,53
2020,09.18,0,1483,1054,53
2020,09.19,81,1564,1164,53
2020,09.20,0,1564,1164,53
2020,09.21,0,1564,1164,53
2020,09.22,117,1681,1199,53
2020,09.23,0,1681,1199,53
2020,09.24,72,1753,1203,53
2020,09.25,83,1836,1263,53
2020,09.26,0,1836,1263,53
2020,09.27,0,1836,1263,53
2020,09.28,130,1966,1265,53
2020,09.29,0,1966,1265,53
2020,09.30,0,1966,1265,53
2020,10.01,84,2050,1432,53
2020,10.02,0,2050,1432,53
2020,10.03,60,2110,1540,53
2020,10.04,0,2110,1540,53
2020,10.05,0,2110,1540,53
2020,10.06,260,2370,1615,53
2020,10.07,0,2370,1615,53
2020,10.08,198,2568,1715,53
2020,10.09,128,2696,1814,55
2020,10.10,0,2696,1814,55
2020,10.11,0,2696,1814,55
2020,10.12,0,2696,1814,55
2020,10.13,299,2995,1928,57
2020,10.14,0,2995,1928,57
2020,10.15,195,3190,2011,59
2020,10.16,0,3190,2011,59
2020,10.17,187,3377,2057,59
2020,10.18,0,3377,2057,59
2020,10.19,0,3377,2057,59
2020,10.20,246,3623,2273,62
2020,10.21,0,3623,2273,62
2020,10.22,188,3811,2470,63
2020,10.23,0,3811,2470,63
2020,10.24,227,4038,2729,69
2020,10.25,0,4038,2729,69
2020,10.26,0,4038,2729,69
2020,10.27,287,4325,2957,72
2020,10.28,85,4410,3029,72
2020,10.29,107,4517,3144,72
2020,10.30,50,4567,3260,73
2020,10.31,98,4665,3377,75
2020,11.01,91,4756,3475,75
2020,11.02,69,4825,3475,75
2020,11.03,63,4888,3548,75
2020,11.04,22,4910,3627,75
2020,11.05,135,5045,3734,75
2020,11.06,90,5135,3858,75
2020,11.07,0,5135,3858,75
2020,11.08,184,5319,4043,75
2020,11.09,64,5383,4248,75
2020,11.10,54,5437,4332,75
2020,11.11,40,5477,4405,75
2020,11.12,90,5567,4488,75
2020,11.13,49,5616,4585,75
2020,11.14,109,5725,4675,75
2020,11.15,0,5725,4675,75
2020,11.16,147,5872,4747,76
2020,11.17,42,5914,4830,76
2020,11.18,37,5951,4965,76
2020,11.19,67,6018,5055,76
2020,11.20,48,6066,5127,76
2020,11.21,76,6142,5239,76
2020,11.22,65,6207,5290,76
2020,11.23,49,6256,5358,76
2020,11.24,48,6304,5405,76
2020,11.25,47,6351,5503,76
2020,11.26,77,6428,5542,76
2020,11.27,106,6534,5649,76
2020,11.28,76,6610,5710,76
2020,11.29,0,6610,5710,76
2020,11.30,102,6712,5794,76
2020,12.01,33,6745,5873,76
2020,12.02,45,6790,5940,76
2020,12.03,52,6842,5988,76
2020,12.04,62,6904,6066,77
2020,12.05,51,6955,6130,77
2020,12.06,50,7005,6171,78
2020,12.07,45,7050,6238,78
2020,12.08,34,7084,6293,78
2020,12.09,43,7127,6367,78
2020,12.10,35,7162,6452,78
2020,12.11,28,7190,6505,78
2020,12.12,46,7236,6598,78
2020,12.13,52,7288,6629,78
2020,12.14,50,7338,6629,79
2020,12.15,44,7382,6706,79
2020,12.16,0,7382,6706,79
2020,12.17,64,7446,6819,79
2020,12.18,20,7466,6875,79
2020,12.19,53,7519,6919,80
2020,12.20,41,7560,6963,80
2020,12.21,17,7577,6997,81
2020,12.22,25,7602,7028,81
2020,12.23,31,7633,7073,82
2020,12.24,36,7669,7106,82
2020,12.25,30,7699,7171,83
2020,12.26,57,7756,7203,83
2020,12.27,50,7806,7252,83
2020,12.28,15,7821,7288,83
2020,12.29,54,7875,7318,83
2020,12.30,44,7919,7360,84
2020,12.31,64,7983,7384,84
2021,01.01,66,8049,7432,84
2021,01.02,68,8117,7463,84
2021,01.03,49,8166,7463,84
2021,01.04,26,8192,7517,84
2021,01.05,57,8249,7548,84
2021,01.06,59,8308,7585,84
2021,01.07,40,8348,7615,84
2021,01.08,0,8348,7615,84
2021,01.09,141,8489,7724,84
2021,01.10,97,8586,7724,85
2021,01.11,0,8586,7724,85
2021,01.12,96,8682,7930,86
2021,01.13,63,8745,7966,87
2021,01.14,73,8818,8070,87
2021,01.15,50,8868,8091,88
2021,01.16,78,8946,8116,88
2021,01.17,92,9038,8116,91
2021,01.18,45,9083,8154,91
2021,01.19,0,9083,8154,91
2021,01.20,111,9194,8349,92
2021,01.21,114,9308,8399,92
2021,01.22,71,9379,8474,93
2021,01.23,37,9416,8537,93
2021,01.24,83,9499,8588,96
2021,01.25,50,9549,8652,96
2021,01.26,47,9596,8724,97
2021,01.27,42,9638,8774,97
2021,01.28,78,9716,8851,98
2021,01.29,63,9779,8942,100
2021,01.30,58,9837,8986,100
2021,01.31,48,9885,9045,101
2021,02.01,52,9937,9093,101
2021,02.02,35,9972,9206,101
2021,02.03,45,10017,9252,102
2021,02.04,53,10070,9313,103
2021,02.05,67,10137,9395,103
2021,02.06,35,10172,9444,104
2021,02.07,34,10206,9492,105
2021,02.08,45,10251,9533,106
2021,02.09,24,10275,9610,106
2021,02.10,37,10312,9674,106
2021,02.11,40,10352,9732,106
2021,02.12,39,10391,9781,106
2021,02.13,36,10427,9833,106
2021,02.14,36,10463,9868,107
2021,02.15,40,10503,9911,107
2021,02.16,35,10538,9965,107
2021,02.17,17,10555,10022,107
2021,02.18,28,10583,10066,107
2021,02.19,27,10610,10101,107
2021,02.20,35,10645,10146,107
2021,02.21,27,10672,10170,107
2021,02.22,40,10712,10245,109
2021,02.23,0,10712,10245,109
2021,02.24,27,10739,10285,110
2021,02.25,36,10775,10319,110
2021,02.26,47,10822,10394,110
2021,02.27,0,10822,10394,110
2021,02.28,27,10849,10429,110
2021,03.01,17,10866,10446,110
2021,03.02,23,10889,10475,110
2021,03.03,19,10908,10501,110
2021,03.04,40,10948,10560,112
2021,03.05,28,10976,10564,112
2021,03.06,22,10998,10584,112
2021,03.07,21,11019,10599,112
2021,03.08,23,11042,10626,112
2021,03.09,27,11069,10661,112
2021,03.10,20,11089,10685,112
2021,03.11,41,11130,10708,112
2021,03.12,0,11130,10708,112
2021,03.13,98,11228,10775,112
2021,03.14,0,11228,10775,112
2021,03.15,38,11266,10796,113
2021,03.16,23,11289,10795,113
2021,03.17,30,11319,10861,113
2021,03.18,41,11360,10883,113
2021,03.19,33,11393,10904,113
2021,03.20,38,11431,10925,113
2021,03.21,50,11481,10952,113
2021,03.22,36,11517,10973,113
2021,03.23,28,11545,11014,113
2021,03.24,46,11591,11050,113
2021,03.25,47,11638,11082,114
2021,03.26,49,11687,11111,114
2021,03.27,45,11732,11149,114
2021,03.28,77,11809,11172,115
2021,03.29,41,11850,11204,115
2021,03.30,38,11888,11244,115
2021,03.31,122,12010,11315,115
2021,04.01,43,12053,11365,115
2021,04.02,0,12053,11365,115
2021,04.03,62,12115,11401,116
2021,04.04,59,12174,11428,117
2021,04.05,57,12231,11474,117
2021,04.06,55,12286,11523,117
2021,04.07,42,12328,11570,117
2021,04.08,35,12363,11616,119
2021,04.09,46,12409,11692,120
2021,04.10,47,12456,11732,120
2021,04.11,89,12545,11825,120
2021,04.12,0,12545,11825,120
2021,04.13,36,12581,11890,121
2021,04.14,33,12614,11932,121
2021,04.15,27,12641,11989,121
2021,04.16,0,12641,11989,121
2021,04.17,71,12712,12105,123
2021,04.18,59,12771,12159,123
2021,04.19,34,12805,12203,123
2021,04.20,0,12805,12203,123
2021,04.21,112,12917,12334,123
2021,04.22,25,12942,12375,123
2021,04.23,65,13007,12423,123
2021,04.24,0,13007,12423,123
2021,04.25,17,13024,12458,124
2021,04.26,59,13083,12519,124
2021,04.27,0,13083,12519,124
2021,04.28,38,13121,12561,124
2021,04.29,27,13148,12590,125
2021,04.30,84,13232,12684,125
2021,05.01,0,13232,12684,125
2021,05.02,0,13232,12684,125
2021,05.03,50,13282,12753,127
2021,05.04,13,13295,12793,127
2021,05.05,21,13316,12818,127
2021,05.06,24,13340,12884,127
2021,05.07,50,13390,12936,127
2021,05.08,0,13390,12936,127
2021,05.09,16,13406,12962,127
2021,05.10,17,13423,12995,127
2021,05.11,6,13429,13021,127
2021,05.12,18,13447,13070,127
2021,05.13,23,13470,13104,127
2021,05.14,0,13470,13104,127
2021,05.15,40,13510,13155,127
2021,05.16,0,13510,13155,127
2021,05.17,0,13510,13155,127
2021,05.18,59,13569,13234,127
2021,05.19,0,13569,13234,127
2021,05.20,0,13569,13234,127
2021,05.21,0,13569,13234,127
2021,05.22,0,13569,13234,127
2021,05.23,0,13569,13234,127
2021,05.24,0,13569,13234,127
2021,05.25,95,13664,13263,127
2021,05.26,0,13664,13263,127
2021,05.27,7,13671,13381,127
2021,05.28,22,13693,13416,127
2021,05.29,0,13693,13416,127
2021,05.30,0,13693,13416,127
2021,05.31,34,13727,13458,127
2021,06.01,2,13729,13479,127
2021,06.02,0,13729,13479,127
2021,06.03,15,13744,13507,127
2021,06.04,14,13758,13527,127
2021,06.05,0,13758,13527,127
2021,06.06,0,13758,13527,127
2021,06.07,0,13758,13527,127
2021,06.08,19,13777,13557,127
2021,06.09,4,13781,13557,127
2021,06.10,24,13805,13578,127
2021,06.11,0,13805,13578,127
2021,06.12,8,13813,13591,127
2021,06.13,0,13813,13591,127
2021,06.14,0,13813,13591,127
2021,06.15,13,13826,13618,127
2021,06.16,2,13828,13626,127
2021,06.17,8,13836,13633,127
2021,06.18,3,13839,13640,127
2021,06.19,3,13842,13650,127
2021,06.20,0,13842,13650,127
2021,06.21,0,13842,13650,127
2021,06.22,22,13864,13665,127
2021,06.23,0,13864,13665,127
2021,06.24,13,13877,13694,127
2021,06.25,0,13877,13694,127
2021,06.26,5,13882,13697,127
2021,06.27,0,13882,13697,127
2021,06.28,0,13882,13697,127
2021,06.29,0,13882,13697,127
2021,06.30,18,13900,13717,127
2021,07.01,18,13918,13721,127
2021,07.02,0,13918,13721,127
2021,07.03,0,13918,13721,127
2021,07.04,0,13918,13721,127
2021,07.05,0,13918,13721,127
2021,07.06,0,13918,13721,127
2021,07.07,73,13991,13752,127
2021,07.08,59,14050,13760,127
2021,07.09,0,14050,13760,127
2021,07.10,25,14075,13770,127
2021,07.11,0,14075,13770,127
2021,07.12,0,14075,13770,127
2021,07.13,80,14155,13787,127
2021,07.14,12,14167,13796,127
2021,07.15,0,14167,13796,127
2021,07.16,72,14239,13829,127
2021,07.17,34,14273,13844,127
2021,07.18,0,14273,13844,127
2021,07.19,0,14273,13844,127
2021,07.20,86,14359,13897,127
2021,07.21,20,14379,13930,127
2021,07.22,0,14379,13930,127
2021,07.23,85,14464,13988,127
2021,07.24,34,14498,13988,127
2021,07.25,0,14498,13988,127
2021,07.26,0,14498,13988,127
2021,07.27,79,14577,14077,127
2021,07.28,9,14586,14113,127
2021,07.29,44,14630,14150,127
2021,07.30,25,14655,14180,127
2021,07.31,23,14678,14210,128
2021,08.01,0,14678,14210,128
2021,08.02,0,14678,14210,128
2021,08.03,69,14747,14296,128
2021,08.04,19,14766,14348,128
2021,08.05,31,14797,14380,128
2021,08.06,12,14809,14380,128
2021,08.07,0,14809,14380,128
2021,08.08,27,14836,14380,128
2021,08.09,0,14836,14380,128
2021,08.10,0,14836,14380,128
2021,08.11,37,14873,14380,129
2021,08.12,18,14891,14380,129
2021,08.13,33,14924,14380,129
2021,08.14,0,14924,14380,129
2021,08.15,0,14924,14380,129
2021,08.16,0,14924,14380,129
2021,08.17,30,14954,14380,129
2021,08.18,6,14960,14380,129
2021,08.19,16,14976,14380,129
2021,08.20,5,14981,14380,129
2021,08.21,7,14988,14380,129
2021,08.22,0,14988,14380,129
2021,08.23,0,14988,14380,129
2021,08.24,14,15002,14380,130
2021,08.25,1,15003,14380,130
2021,08.26,11,15014,14380,130
2021,08.27,2,15016,14380,130
2021,08.28,9,15025,14380,130
