year,date,confirm_add,confirm,heal,dead
2020,02.24,0,1,0,0
2020,02.25,16,17,0,0
2020,02.26,9,26,0,0
2020,02.27,10,33,0,0
2020,02.28,5,38,0,0
2020,02.29,3,41,0,0
2020,03.01,0,41,0,0
2020,03.02,6,47,0,0
2020,03.03,0,47,0,0
2020,03.04,3,50,0,0
2020,03.05,0,50,0,0
2020,03.06,6,56,4,0
2020,03.07,0,56,4,0
2020,03.08,21,77,6,0
2020,03.09,32,109,14,0
2020,03.10,0,109,14,0
2020,03.11,80,189,30,0
2020,03.12,6,195,35,0
2020,03.13,15,210,44,0
2020,03.14,1,211,60,0
2020,03.15,3,214,60,0
2020,03.16,7,221,77,1
2020,03.17,16,237,81,1
2020,03.18,19,256,81,1
2020,03.19,13,269,100,1
2020,03.20,16,285,110,1
2020,03.21,21,306,125,1
2020,03.22,28,334,129,2
2020,03.23,5,339,160,2
2020,03.24,52,391,177,3
2020,03.25,28,419,190,4
2020,03.26,38,457,204,4
2020,03.27,9,466,227,4
2020,03.28,7,473,254,4
2020,03.29,16,515,272,4
2020,03.30,16,515,279,4
2020,03.31,52,567,295,4
2020,04.01,0,567,316,4
2020,04.02,68,635,341,4
2020,04.03,37,672,382,4
2020,04.04,16,688,399,4
2020,04.05,10,698,427,4
2020,04.06,25,723,451,4
2020,04.07,88,811,458,4
2020,04.08,10,821,467,5
2020,04.09,34,855,495,5
2020,04.10,58,913,530,6
2020,04.11,103,1016,551,6
2020,04.12,71,1087,557,6
2020,04.13,261,1348,591,6
2020,04.14,174,1522,645,7
2020,04.15,149,1671,663,7
2020,04.16,27,1698,703,7
2020,04.17,42,1740,725,7
2020,04.18,27,1767,741,7
2020,04.19,106,1873,759,7
2020,04.20,22,1895,769,7
2020,04.21,57,1952,783,7
2020,04.22,57,2009,1026,7
2020,04.23,89,2098,1082,8
2020,04.24,408,2506,1082,8
2020,04.25,82,2588,1160,8
2020,04.26,0,2588,1160,8
2020,04.27,59,2647,1189,8
2020,04.28,163,2810,1246,8
2020,04.29,1,2811,1310,8
2020,04.30,226,3037,1495,8
2020,05.01,3,3040,1500,8
2020,05.02,233,3273,1567,8
2020,05.03,11,3284,1568,8
2020,05.04,99,3383,1718,8
2020,05.05,296,3679,1762,8
2020,05.06,163,3842,1860,8
2020,05.07,289,4131,1998,8
2020,05.08,273,4404,2027,8
2020,05.09,191,4595,2049,8
2020,05.10,261,4856,2065,8
2020,05.11,301,5157,2152,8
2020,05.12,252,5409,2182,9
2020,05.13,371,5780,2195,9
2020,05.14,36,5816,2205,10
2020,05.15,602,6418,2637,10
2020,05.16,237,6655,2753,12
2020,05.17,275,6930,2774,12
2020,05.18,226,7156,2929,12
2020,05.19,218,7374,2952,12
2020,05.20,469,7843,3334,12
2020,05.21,196,8039,3715,12
2020,05.22,135,8174,3873,12
2020,05.23,600,8774,4462,12
2020,05.24,319,9093,4581,13
2020,05.25,71,9164,4753,14
2020,05.26,59,9223,4916,14
2020,05.27,410,9633,5142,15
2020,05.28,344,9977,5295,15
2020,05.29,375,10352,5491,15
2020,05.30,388,10740,5811,15
2020,05.31,548,11288,6673,19
2020,06.01,516,11804,7070,19
2020,06.02,425,12229,7397,19
2020,06.03,82,12311,7407,19
2020,06.04,504,12815,7410,21
2020,06.05,918,13733,8471,22
2020,06.06,491,14224,9020,23
2020,06.07,539,14763,9468,25
2020,06.08,654,15417,10326,26
2020,06.09,314,15731,10606,29
2020,06.10,469,16200,11109,29
2020,06.11,467,16667,11487,34
2020,06.12,602,17269,11903,36
2020,06.13,444,17713,12191,37
2020,06.14,514,18227,12818,41
2020,06.15,317,18544,13197,46
2020,06.16,469,19013,13267,47
2020,06.17,540,19553,13866,48
2020,06.18,408,19961,14185,53
2020,06.19,469,20430,14696,57
2020,06.20,486,20916,15287,59
2020,06.21,415,21331,15790,61
2020,06.22,433,21764,16419,64
2020,06.23,643,22407,16862,66
2020,06.24,655,23062,17450,68
2020,06.25,508,23570,17977,69
2020,06.26,511,24081,18501,71
2020,06.27,724,24805,19137,78
2020,06.28,462,25267,19781,78
2020,06.29,438,25705,20517,83
2020,06.30,534,26239,20928,86
2020,07.01,519,26758,21331,91
2020,07.02,656,27414,21948,93
2020,07.03,423,27837,22583,95
2020,07.04,573,28410,23318,95
2020,07.05,447,28857,23959,96
2020,07.06,510,29367,24649,98
2020,07.07,454,29821,25178,98
2020,07.08,500,30321,25570,98
2020,07.09,610,30931,26073,101
2020,07.10,597,31528,26520,103
2020,07.11,511,32039,27213,104
2020,07.12,431,32470,27828,104
2020,07.13,471,32941,28425,109
2020,07.14,535,33476,29099,109
2020,07.15,602,34078,29753,116
2020,07.16,482,34560,30320,120
2020,07.17,524,35084,30809,121
2020,07.18,389,35473,31188,124
2020,07.19,531,36004,31765,124
2020,07.20,418,36422,32372,127
2020,07.21,514,36936,32965,128
2020,07.22,380,37316,33455,130
2020,07.23,321,37637,33894,132
2020,07.24,359,37996,34412,136
2020,07.25,462,38458,34826,137
2020,07.26,289,38747,35205,140
2020,07.27,384,39131,35689,141
2020,07.28,351,39482,36110,141
2020,07.29,439,39921,36531,142
2020,07.30,390,40311,36920,145
2020,07.31,444,40755,37357,147
2020,08.01,227,40982,37840,147
2020,08.02,208,41190,38211,147
2020,08.03,346,41536,38666,148
2020,08.04,299,41835,39007,150
2020,08.05,297,42132,39335,153
2020,08.06,382,42514,39576,156
2020,08.07,375,42889,39945,158
2020,08.08,418,43307,40276,159
2020,08.09,322,43629,40549,162
2020,08.10,382,44011,40967,163
2020,08.11,386,44397,41209,165
2020,08.12,407,44804,41504,165
2020,08.13,460,45264,41836,167
2020,08.14,462,45726,42180,167
2020,08.15,326,46052,42469,169
2020,08.16,378,46430,42806,170
2020,08.17,405,46835,43128,172
2020,08.18,350,47185,43529,174
2020,08.19,396,47581,43921,175
2020,08.20,369,47950,44278,179
2020,08.21,353,48303,44628,179
2020,08.22,358,48661,45166,183
2020,08.23,377,49038,45589,184
2020,08.24,292,49330,45981,184
2020,08.25,389,49719,46311,185
2020,08.26,357,50076,46673,186
2020,08.27,317,50393,47049,186
2020,08.28,363,50756,47370,189
2020,08.29,357,51113,47760,189
2020,08.30,278,51391,48275,189
2020,08.31,183,51574,48654,190
2020,09.01,398,51972,49047,190
2020,09.02,468,52440,49395,190
2020,09.03,367,52807,49645,190
2020,09.04,626,53433,50013,192
2020,09.05,662,54095,50323,196
2020,09.06,676,54771,50645,199
2020,09.07,644,55415,50946,200
2020,09.08,661,56076,51240,202
2020,09.09,702,56778,51574,202
2020,09.10,672,57450,51819,206
2020,09.11,757,58207,52284,208
2020,09.12,632,58839,52776,210
2020,09.13,747,59586,53192,211
2020,09.14,721,60307,53681,212
2020,09.15,658,60965,54204,213
2020,09.16,678,61643,54831,215
2020,09.17,841,62484,55444,216
2020,09.18,705,63189,56087,218
2020,09.19,690,63879,56700,221
2020,09.20,620,64499,57299,221
2020,09.21,540,65039,57950,223
2020,09.22,713,65752,58626,226
2020,09.23,650,66402,59367,231
2020,09.24,612,67014,60117,231
2020,09.25,687,67701,60853,234
2020,09.26,489,68190,61475,236
2020,09.27,585,68775,62252,242
2020,09.28,586,69361,62887,243
2020,09.29,487,69848,63549,246
2020,09.30,574,70422,64267,248
2020,10.01,442,70864,64838,253
2020,10.02,510,71374,65550,255
2020,10.03,429,71803,66184,257
2020,10.04,507,72310,66813,259
2020,10.05,352,72662,67475,261
2020,10.06,454,73116,67933,262
2020,10.07,360,73476,68606,262
2020,10.08,456,73932,69411,262
2020,10.09,490,74422,69854,266
2020,10.10,438,74860,70406,272
2020,10.11,427,75287,70808,273
2020,10.12,327,75614,71249,278
2020,10.13,334,75948,71687,284
2020,10.14,324,76272,72164,287
2020,10.15,349,76621,72561,288
2020,10.16,333,76954,73013,289
2020,10.17,371,77325,73421,293
2020,10.18,246,77571,73841,298
2020,10.19,331,77902,74320,301
2020,10.20,322,78224,74683,304
2020,10.21,309,78533,75089,307
2020,10.22,374,78907,75424,308
2020,10.23,304,79211,75840,310
2020,10.24,363,79574,76143,312
2020,10.25,401,79975,76474,312
2020,10.26,280,80255,76776,315
2020,10.27,278,80533,77132,316
2020,10.28,232,80765,77421,316
2020,10.29,257,81022,77697,317
2020,10.30,240,81262,78102,319
2020,10.31,204,81466,78365,320
2020,11.01,179,81645,78719,321
2020,11.02,278,81923,78997,322
2020,11.03,210,82133,79318,323
2020,11.04,230,82363,79680,326
2020,11.05,261,82624,79929,328
2020,11.06,162,82786,80174,328
2020,11.07,237,83023,80526,329
2020,11.08,241,83264,80763,329
2020,11.09,192,83456,81000,329
2020,11.10,176,83632,81225,329
2020,11.11,179,83811,81415,331
2020,11.12,231,84042,81658,332
2020,11.13,150,84192,81846,332
2020,11.14,157,84349,82038,332
2020,11.15,174,84523,82300,333
2020,11.16,180,84703,82469,335
2020,11.17,179,84882,82680,337
2020,11.18,126,85008,82900,337
2020,11.19,174,85182,83087,337
2020,11.20,135,85317,83244,337
2020,11.21,150,85467,83416,338
2020,11.22,124,85591,83617,338
2020,11.23,114,85705,83829,339
2020,11.24,181,85886,84017,339
2020,11.25,130,86016,84166,340
2020,11.26,169,86185,84335,341
2020,11.27,162,86347,84510,341
2020,11.28,168,86515,84653,341
2020,11.29,130,86645,84785,341
2020,11.30,142,86787,84977,341
2020,12.01,169,86956,85141,341
2020,12.02,181,87137,85357,341
2020,12.03,133,87270,85463,341
2020,12.04,162,87432,85598,341
2020,12.05,168,87600,85710,341
2020,12.06,132,87732,85876,341
2020,12.07,198,87930,86030,341
2020,12.08,181,88111,86215,341
2020,12.09,183,88294,86348,345
2020,12.10,201,88495,86518,347
2020,12.11,137,88632,86684,347
2020,12.12,188,88820,86867,347
2020,12.13,145,88965,87025,348
2020,12.14,178,89143,87182,348
2020,12.15,125,89268,87332,348
2020,12.16,176,89444,87490,349
2020,12.17,156,89600,87690,349
2020,12.18,143,89743,87846,349
2020,12.19,140,89883,88003,349
2020,12.20,179,90062,88178,349
2020,12.21,220,90282,88331,349
2020,12.22,168,90450,88542,350
2020,12.23,184,90634,88666,350
2020,12.24,183,90817,88826,350
2020,12.25,253,91070,88963,350
2020,12.26,234,91304,89152,351
2020,12.27,214,91518,89326,351
2020,12.28,215,91733,89456,351
2020,12.29,202,91935,89643,351
2020,12.30,234,92169,89804,351
2020,12.31,256,92425,90026,352
2021,01.01,250,92675,90217,352
2021,01.02,238,92913,90369,352
2021,01.03,271,93184,90558,352
2021,01.04,294,93478,90686,352
2021,01.05,288,93766,90995,352
2021,01.06,229,93995,91213,352
2021,01.07,289,94284,91431,353
2021,01.08,349,94633,91630,353
2021,01.09,397,95030,91875,354
2021,01.10,287,95317,92113,355
2021,01.11,241,95558,92362,356
2021,01.12,321,95879,92645,356
2021,01.13,316,96195,92920,356
2021,01.14,275,96470,93160,356
2021,01.15,342,96812,93329,356
2021,01.16,208,97020,93726,357
2021,01.17,248,97268,94039,358
2021,01.18,339,97607,94297,360
2021,01.19,333,97940,94646,360
2021,01.20,320,98260,94937,362
2021,01.21,313,98573,95240,366
2021,01.22,305,98878,95594,366
2021,01.23,332,99210,95902,366
2021,01.24,246,99456,96112,367
2021,01.25,361,99817,96532,367
2021,01.26,413,100230,96761,369
2021,01.27,459,100689,97006,370
2021,01.28,427,101116,97337,371
2021,01.29,387,101503,97664,372
2021,01.30,468,101971,97948,372
2021,01.31,655,102626,98160,372
2021,02.01,431,103057,98599,375
2021,02.02,525,103582,99000,376
2021,02.03,657,104239,99285,376
2021,02.04,553,104792,99527,376
2021,02.05,704,105496,99939,377
2021,02.06,702,106198,100363,377
2021,02.07,515,106713,100772,379
2021,02.08,616,107329,101168,380
2021,02.09,719,108048,101629,383
2021,02.10,759,108807,102289,387
2021,02.11,797,109604,102725,391
2021,02.12,812,110416,103251,393
2021,02.13,896,111312,103878,395
2021,02.14,790,112102,104487,398
2021,02.15,640,112742,105166,403
2021,02.16,848,113590,105784,406
2021,02.17,771,114361,106412,410
2021,02.18,696,115057,107016,410
2021,02.19,648,115705,107649,414
2021,02.20,777,116482,108353,418
2021,02.21,752,117234,109085,420
2021,02.22,575,117809,110007,423
2021,02.23,721,118530,110827,429
2021,02.24,675,119205,111691,433
2021,02.25,653,119858,112323,437
2021,02.26,637,120495,113132,439
2021,02.27,632,121127,113799,444
2021,02.28,651,121778,114472,444
2021,03.01,616,122394,115089,449
2021,03.02,645,123039,115895,452
2021,03.03,492,123531,116487,455
2021,03.04,738,124269,117026,458
2021,03.05,588,124857,117656,462
2021,03.06,657,125514,118301,468
2021,03.07,612,126126,119047,469
2021,03.08,476,126602,119771,472
2021,03.09,653,127255,120489,473
2021,03.10,545,127800,121106,474
2021,03.11,628,128428,121776,476
2021,03.12,653,129081,122416,478
2021,03.13,744,129825,123170,480
2021,03.14,579,130404,123671,481
2021,03.15,597,131001,124367,484
2021,03.16,682,131683,124823,485
2021,03.17,686,132369,125503,487
2021,03.18,768,133137,126080,489
2021,03.19,642,133779,126703,491
2021,03.20,731,134510,127329,493
2021,03.21,816,135326,127806,498
2021,03.22,656,135982,128434,500
2021,03.23,759,136741,129242,502
2021,03.24,809,137550,129845,503
2021,03.25,733,138283,130397,507
2021,03.26,841,139124,131115,508
2021,03.27,829,139953,131594,512
2021,03.28,865,140818,132455,513
2021,03.29,1027,141845,133098,513
2021,03.30,824,142669,133753,515
2021,03.31,905,143574,134442,517
2021,04.01,871,144445,135315,521
2021,04.02,935,145380,136064,523
2021,04.03,1074,146454,136827,527
2021,04.04,1316,147770,137555,531
2021,04.05,1047,148817,138407,536
2021,04.06,974,149791,139205,541
2021,04.07,1020,150811,140125,545
2021,04.08,1120,151931,141119,547
2021,04.09,1143,153074,141911,548
2021,04.10,1206,154280,142741,550
2021,04.11,1122,155402,143889,554
2021,04.12,1060,156462,144917,557
2021,04.13,1267,157729,145953,562
2021,04.14,1060,158789,147162,566
2021,04.15,1175,159964,148093,569
2021,04.16,970,160934,149159,574
2021,04.17,1155,162089,150179,581
2021,04.18,1024,163113,151286,588
2021,04.19,997,164110,152361,594
2021,04.20,1008,165118,153671,600
2021,04.21,1039,166157,154711,605
2021,04.22,1008,167165,155768,607
2021,04.23,0,167165,155768,607
2021,04.24,2089,169254,158133,617
2021,04.25,1081,170335,159198,620
2021,04.26,1035,171370,160089,624
2021,04.27,1206,172576,161491,625
2021,04.28,972,173548,162537,626
2021,04.29,1111,174659,163937,632
2021,04.30,1093,175752,164904,639
2021,05.01,1182,176934,165928,646
2021,05.02,1063,177997,166851,648
2021,05.03,1300,179297,167852,651
2021,05.04,1165,180462,168865,657
2021,05.05,1418,181880,169852,662
2021,05.06,1450,183330,170886,664
2021,05.07,1367,184697,172006,670
2021,05.08,1706,186403,173036,674
2021,05.09,1502,187905,174357,678
2021,05.10,1451,189356,175332,685
2021,05.11,1662,191018,176338,691
2021,05.12,1732,192750,177212,697
2021,05.13,1539,194289,178458,705
2021,05.14,1816,196105,179958,715
2021,05.15,1369,197474,181237,732
2021,05.16,1619,199093,182535,737
2021,05.17,1884,200977,183859,746
2021,05.18,1579,202556,185619,752
2021,05.19,1968,204524,186961,768
2021,05.20,2354,206878,188496,773
2021,05.21,2415,209293,189962,787
2021,05.22,2858,212151,191522,802
2021,05.23,2719,214870,193337,812
2021,05.24,3177,218047,194885,841
2021,05.25,2800,220847,196685,852
2021,05.26,2766,223613,198220,880
2021,05.27,2803,226416,199713,887
2021,05.28,3052,229468,201683,913
2021,05.29,2957,232425,203429,923
2021,05.30,3273,235698,205962,939
2021,05.31,2458,238156,208445,953
2021,06.01,2375,240531,211024,980
2021,06.02,2259,242790,213827,1009
2021,06.03,1936,244726,216832,1031
2021,06.04,1932,246658,219108,1050
2021,06.05,1492,248150,221508,1069
2021,06.06,1432,249582,225159,1091
2021,06.07,1496,251078,228370,1119
2021,06.08,1522,252600,231113,1143
2021,06.09,1279,253879,233480,1161
2021,06.10,1041,254920,236301,1171
2021,06.11,1034,255954,238540,1188
2021,06.12,967,256921,240529,1196
2021,06.13,931,257852,242678,1206
2021,06.14,879,258731,244579,1221
2021,06.15,792,259523,246074,1236
2021,06.16,811,260334,247493,1246
2021,06.17,620,260954,249129,1259
2021,06.18,547,261501,250586,1271
2021,06.19,487,261988,251785,1286
2021,06.20,439,262427,252848,1297
2021,06.21,465,262892,253910,1306
2021,06.22,403,263295,254913,1311
2021,06.23,394,263689,256063,1326
2021,06.24,418,264107,256933,1330
2021,06.25,298,264405,257757,1334
2021,06.26,288,264693,258545,1335
2021,06.27,302,264995,259234,1341
2021,06.28,252,265247,259787,1345
2021,06.29,230,265477,260363,1348
2021,06.30,166,265643,260363,1351
2021,07.01,184,265827,261287,1352
2021,07.02,148,265975,261740,1353
2021,07.03,165,266140,262162,1356
2021,07.04,146,266286,262552,1358
2021,07.05,140,266426,262814,1360
2021,07.06,131,266557,263373,1363
2021,07.07,128,266685,263660,1366
2021,07.08,112,266797,263893,1367
2021,07.09,122,266919,264125,1371
2021,07.10,119,267038,264340,1374
2021,07.11,74,267112,264488,1376
2021,07.12,100,267212,264687,1377
2021,07.13,112,267324,264831,1378
2021,07.14,76,267400,265013,1378
2021,07.15,105,267505,265129,1378
2021,07.16,114,267619,265263,1379
2021,07.17,108,267727,265386,1379
2021,07.18,69,267796,265521,1380
2021,07.19,86,267882,265638,1380
2021,07.20,67,267949,265759,1380
2021,07.21,78,268027,265832,1380
2021,07.22,65,268092,265930,1381
2021,07.23,133,268225,266036,1381
2021,07.24,113,268338,266123,1381
2021,07.25,75,268413,266213,1382
2021,07.26,128,268541,266321,1383
2021,07.27,85,268626,266417,1383
2021,07.28,105,268731,266497,1383
2021,07.29,115,268846,266571,1383
2021,07.30,128,268974,266635,1384
2021,07.31,106,269080,266705,1384
2021,08.01,106,269186,266796,1384
2021,08.02,117,269303,266921,1384
2021,08.03,98,269401,267026,1384
2021,08.04,94,269495,267096,1384
2021,08.05,122,269617,267220,1384
2021,08.06,120,269737,267220,1384
2021,08.07,0,269737,267220,1384
2021,08.08,111,269848,267220,1384
2021,08.09,212,270060,267220,1384
2021,08.10,101,270161,267220,1384
2021,08.11,129,270290,267220,1384
2021,08.12,161,270451,267220,1384
2021,08.13,139,270590,267220,1384
2021,08.14,102,270692,267220,1384
2021,08.15,124,270816,267220,1384
2021,08.16,103,270919,267220,1384
2021,08.17,106,271025,267220,1384
2021,08.18,105,271130,267220,1384
2021,08.19,127,271257,267220,1385
2021,08.20,96,271353,267220,1385
2021,08.21,79,271432,267220,1385
2021,08.22,102,271534,267220,1386
2021,08.23,97,271631,267220,1386
2021,08.24,84,271715,267220,1387
2021,08.25,88,271803,267220,1387
2021,08.26,130,271933,267220,1388
2021,08.27,109,272042,267220,1388
2021,08.28,106,272148,267220,1388
