year,date,confirm_add,confirm,heal,dead
2020,02.29,1,1,0,0
2020,03.01,0,1,0,0
2020,03.02,0,1,0,0
2020,03.03,0,1,0,0
2020,03.04,0,1,0,0
2020,03.05,0,1,0,0
2020,03.06,0,1,0,0
2020,03.07,0,1,0,0
2020,03.08,0,1,0,0
2020,03.09,0,1,0,0
2020,03.10,0,1,0,0
2020,03.11,0,1,0,0
2020,03.12,1,2,0,0
2020,03.13,0,2,0,0
2020,03.14,0,2,0,0
2020,03.15,1,3,0,0
2020,03.16,4,7,0,0
2020,03.17,2,9,0,0
2020,03.18,0,9,0,0
2020,03.19,0,9,0,0
2020,03.20,2,11,0,0
2020,03.21,1,12,0,0
2020,03.22,6,18,0,0
2020,03.23,5,23,0,0
2020,03.24,0,23,1,0
2020,03.25,4,27,1,0
2020,03.26,4,31,1,0
2020,03.27,2,33,1,0
2020,03.28,9,42,1,0
2020,03.29,1,43,1,0
2020,03.30,3,46,1,1
2020,03.31,3,49,1,1
2020,04.01,3,52,2,1
2020,04.02,3,55,2,1
2020,04.03,5,60,2,1
2020,04.04,4,64,3,1
2020,04.05,2,66,3,1
2020,04.06,7,73,3,1
2020,04.07,4,77,4,1
2020,04.08,2,79,4,1
2020,04.09,2,81,4,1
2020,04.10,3,84,5,1
2020,04.11,6,90,5,1
2020,04.12,2,92,5,1
2020,04.13,1,93,6,1
2020,04.14,0,93,6,1
2020,04.15,0,93,6,1
2020,04.16,0,93,12,3
2020,04.17,0,93,12,3
2020,04.18,1,94,20,3
2020,04.19,0,94,22,3
2020,04.20,0,94,22,3
2020,04.21,0,94,23,3
2020,04.22,0,94,26,3
2020,04.23,0,94,27,3
2020,04.24,0,94,35,4
2020,04.25,0,94,41,4
2020,04.26,0,94,42,4
2020,04.27,0,94,42,4
2020,04.28,1,95,42,4
2020,04.29,0,95,50,4
2020,04.30,0,95,58,4
2020,05.01,0,95,64,4
2020,05.02,0,95,73,4
2020,05.03,0,95,73,4
2020,05.04,0,95,78,4
2020,05.05,0,95,78,4
2020,05.06,0,95,81,4
2020,05.07,0,95,82,4
2020,05.08,0,95,82,4
2020,05.09,0,95,82,4
2020,05.10,1,96,82,4
2020,05.11,0,96,82,4
2020,05.12,0,96,85,4
2020,05.13,0,96,85,4
2020,05.14,0,96,87,4
2020,05.15,0,96,87,4
2020,05.16,0,96,87,4
2020,05.17,0,96,87,4
2020,05.18,0,96,87,4
2020,05.19,1,97,87,4
2020,05.20,0,97,87,4
2020,05.21,0,97,90,4
2020,05.22,0,97,90,4
2020,05.23,0,97,90,4
2020,05.24,1,98,90,4
2020,05.25,0,98,90,4
2020,05.26,0,98,90,4
2020,05.27,0,98,90,4
2020,05.28,0,98,90,4
2020,05.29,0,98,90,4
2020,05.30,0,98,90,4
2020,05.31,1,99,90,4
2020,06.01,0,99,90,4
2020,06.02,0,99,90,4
2020,06.03,0,99,90,4
2020,06.04,0,99,90,4
2020,06.05,0,99,92,4
2020,06.06,0,99,93,4
2020,06.07,0,99,93,4
2020,06.08,0,99,93,4
2020,06.09,0,99,93,4
2020,06.10,0,99,93,4
2020,06.11,0,99,93,4
2020,06.12,0,99,93,4
2020,06.13,0,99,93,4
2020,06.14,0,99,93,4
2020,06.15,0,99,93,4
2020,06.16,0,99,93,4
2020,06.17,0,99,94,4
2020,06.18,0,99,94,4
2020,06.19,0,99,94,4
2020,06.20,0,99,94,4
2020,06.21,0,99,94,4
2020,06.22,1,100,94,4
2020,06.23,1,101,95,4
2020,06.24,0,101,95,4
2020,06.25,1,102,95,4
2020,06.26,0,102,95,4
2020,06.27,0,102,95,4
2020,06.28,1,103,95,4
2020,06.29,0,103,95,4
2020,06.30,0,103,95,4
2020,07.01,0,103,95,4
2020,07.02,0,103,95,4
2020,07.03,3,106,95,4
2020,07.04,0,106,95,4
2020,07.05,0,106,95,4
2020,07.06,2,108,95,4
2020,07.07,0,108,95,4
2020,07.08,0,108,95,4
2020,07.09,0,108,95,4
2020,07.10,0,108,96,4
2020,07.11,0,108,96,4
2020,07.12,1,109,96,4
2020,07.13,0,109,97,4
2020,07.14,0,109,97,4
2020,07.15,0,109,97,4
2020,07.16,0,109,98,4
2020,07.17,0,109,98,4
2020,07.18,0,109,98,4
2020,07.19,0,109,98,4
2020,07.20,0,109,98,4
2020,07.21,0,109,100,4
2020,07.22,2,111,100,4
2020,07.23,1,112,100,4
2020,07.24,2,114,100,4
2020,07.25,2,116,100,4
2020,07.26,0,116,104,4
2020,07.27,0,116,104,4
2020,07.28,0,116,104,4
2020,07.29,1,117,104,4
2020,07.30,3,120,105,4
2020,07.31,0,120,105,4
2020,08.01,0,120,105,4
2020,08.02,0,120,105,4
2020,08.03,0,120,105,4
2020,08.04,1,121,105,4
2020,08.05,2,123,105,4
2020,08.06,2,125,105,4
2020,08.07,0,125,105,4
2020,08.08,3,128,105,4
2020,08.09,3,131,112,4
2020,08.10,2,133,113,4
2020,08.11,0,133,113,4
2020,08.12,5,138,113,4
2020,08.13,3,141,114,4
2020,08.14,3,144,114,4
2020,08.15,2,146,114,4
2020,08.16,0,146,114,4
2020,08.17,0,146,114,4
2020,08.18,2,148,114,4
2020,08.19,0,148,114,4
2020,08.20,0,148,114,4
2020,08.21,2,150,115,4
2020,08.22,4,154,116,4
2020,08.23,0,154,116,4
2020,08.24,0,154,116,4
2020,08.25,0,154,116,4
2020,08.26,0,154,116,4
2020,08.27,0,154,116,4
2020,08.28,0,154,116,4
2020,08.29,0,154,116,4
2020,08.30,0,154,116,4
2020,08.31,0,154,116,4
2020,09.01,0,154,116,4
2020,09.02,0,154,116,4
2020,09.03,-12,142,91,1
2020,09.04,1,143,94,1
2020,09.05,4,147,97,1
2020,09.06,0,147,102,1
2020,09.07,0,147,102,1
2020,09.08,6,153,102,1
2020,09.09,3,156,107,1
2020,09.10,5,161,107,1
2020,09.11,4,165,107,1
2020,09.12,3,168,123,1
2020,09.13,1,169,123,1
2020,09.14,2,171,128,1
2020,09.15,6,177,132,1
2020,09.16,1,178,133,1
2020,09.17,3,181,137,1
2020,09.18,5,186,147,1
2020,09.19,5,191,152,1
2020,09.20,1,192,152,1
2020,09.21,1,193,153,1
2020,09.22,2,195,159,1
2020,09.23,2,197,163,1
2020,09.24,2,199,165,1
2020,09.25,6,205,166,1
2020,09.26,3,208,167,2
2020,09.27,2,210,169,2
2020,09.28,0,210,169,2
2020,09.29,2,212,174,2
2020,09.30,2,214,178,2
2020,10.01,4,218,181,2
2020,10.02,1,219,187,2
2020,10.03,2,221,188,2
2020,10.04,1,222,188,2
2020,10.05,0,222,189,2
2020,10.06,1,223,193,2
2020,10.07,1,224,198,2
2020,10.08,3,227,202,2
2020,10.09,2,229,207,2
2020,10.10,4,233,209,2
2020,10.11,0,233,209,2
2020,10.12,1,234,209,2
2020,10.13,2,236,213,2
2020,10.14,5,241,217,2
2020,10.15,7,248,217,2
2020,10.16,5,253,217,2
2020,10.17,2,255,217,2
2020,10.18,5,260,217,2
2020,10.19,5,265,217,2
2020,10.20,3,268,222,2
2020,10.21,3,271,227,2
2020,10.22,2,273,231,2
2020,10.23,8,281,233,2
2020,10.24,14,295,241,2
2020,10.25,1,296,244,2
2020,10.26,10,306,244,2
2020,10.27,4,310,250,2
2020,10.28,10,320,256,2
2020,10.29,17,337,256,2
2020,10.30,10,347,264,2
2020,10.31,8,355,273,2
2020,11.01,4,359,273,2
2020,11.02,7,366,274,2
2020,11.03,9,375,281,2
2020,11.04,22,397,293,2
2020,11.05,15,412,293,2
2020,11.06,18,430,318,2
2020,11.07,24,454,331,2
2020,11.08,29,483,331,2
2020,11.09,3,486,345,2
2020,11.10,4,490,369,2
2020,11.11,22,512,378,2
2020,11.12,12,524,390,2
2020,11.13,8,532,408,2
2020,11.14,8,540,426,2
2020,11.15,5,545,446,2
2020,11.16,3,548,450,2
2020,11.17,4,552,462,2
2020,11.18,5,557,467,3
2020,11.19,8,565,487,3
2020,11.20,8,573,497,3
2020,11.21,4,577,504,3
2020,11.22,4,581,507,3
2020,11.23,1,582,512,3
2020,11.24,1,583,518,3
2020,11.25,4,587,523,3
2020,11.26,7,594,530,3
2020,11.27,6,600,530,3
2020,11.28,3,603,532,3
2020,11.29,4,607,537,3
2020,11.30,1,608,537,3
2020,12.01,1,609,556,3
2020,12.02,8,617,559,3
2020,12.03,4,621,563,3
2020,12.04,9,630,570,3
2020,12.05,0,630,571,3
2020,12.06,7,637,572,3
2020,12.07,1,638,574,3
2020,12.08,3,641,577,3
2020,12.09,7,648,580,3
2020,12.10,7,655,585,3
2020,12.11,2,657,591,3
2020,12.12,2,659,594,3
2020,12.13,9,668,596,3
2020,12.14,0,668,597,3
2020,12.15,3,671,605,3
2020,12.16,7,678,609,3
2020,12.17,7,685,611,3
2020,12.18,15,700,611,3
2020,12.19,15,715,616,3
2020,12.20,8,723,616,3
2020,12.21,5,728,621,3
2020,12.22,14,742,631,3
2020,12.23,14,756,636,3
2020,12.24,11,767,646,3
2020,12.25,16,783,659,3
2020,12.26,6,789,664,3
2020,12.27,8,797,673,3
2020,12.28,0,797,673,3
2020,12.29,4,801,686,3
2020,12.30,26,827,692,3
2020,12.31,26,853,704,3
2021,01.01,22,875,708,3
2021,01.02,10,885,718,3
2021,01.03,16,901,725,3
2021,01.04,6,907,733,3
2021,01.05,10,917,743,3
2021,01.06,30,947,763,3
2021,01.07,31,978,773,3
2021,01.08,40,1018,793,3
2021,01.09,23,1041,814,4
2021,01.10,12,1053,830,4
2021,01.11,4,1057,850,4
2021,01.12,13,1070,883,4
2021,01.13,22,1092,900,7
2021,01.14,36,1128,926,7
2021,01.15,17,1145,947,7
2021,01.16,24,1169,962,7
2021,01.17,25,1194,977,7
2021,01.18,11,1205,995,7
2021,01.19,7,1212,1013,7
2021,01.20,28,1240,1036,9
2021,01.21,22,1262,1050,9
2021,01.22,25,1287,1058,9
2021,01.23,24,1311,1078,9
2021,01.24,34,1345,1100,9
2021,01.25,12,1357,1121,9
2021,01.26,11,1368,1140,9
2021,01.27,31,1399,1160,9
2021,01.28,14,1413,1180,10
2021,01.29,17,1430,1198,11
2021,01.30,0,1430,1198,11
2021,01.31,45,1475,1245,11
2021,02.01,14,1489,1257,13
2021,02.02,10,1499,1283,14
2021,02.03,44,1543,1295,17
2021,02.04,29,1572,1320,18
2021,02.05,24,1596,1332,18
2021,02.06,29,1625,1350,19
2021,02.07,22,1647,1362,19
2021,02.08,8,1655,1380,19
2021,02.09,10,1665,1403,19
2021,02.10,30,1695,1411,19
2021,02.11,22,1717,1435,19
2021,02.12,18,1735,1455,19
2021,02.13,17,1752,1490,21
2021,02.14,3,1755,1510,21
2021,02.15,5,1760,1530,21
2021,02.16,14,1774,1545,21
2021,02.17,13,1787,1562,21
2021,02.18,29,1816,1590,22
2021,02.19,19,1835,1610,22
2021,02.20,9,1844,1634,22
2021,02.21,18,1862,1644,22
2021,02.22,8,1870,1650,22
2021,02.23,15,1885,1657,22
2021,02.24,19,1904,1669,23
2021,02.25,12,1916,1683,23
2021,02.26,16,1932,1690,23
2021,02.27,10,1942,1692,23
2021,02.28,11,1953,1704,24
2021,03.01,3,1956,1710,24
2021,03.02,9,1965,1720,24
2021,03.03,0,1965,1720,25
2021,03.04,16,1981,1754,26
2021,03.05,16,1997,1770,26
2021,03.06,12,2009,1810,26
2021,03.07,10,2019,1820,26
2021,03.08,4,2023,1835,26
2021,03.09,5,2028,1850,26
2021,03.10,20,2048,1869,26
2021,03.11,14,2062,1875,26
2021,03.12,13,2075,1885,26
2021,03.13,22,2097,1895,27
2021,03.14,9,2106,1905,27
2021,03.15,1,2107,1912,27
2021,03.16,13,2120,1922,27
2021,03.17,15,2135,1932,27
2021,03.18,6,2141,1945,27
2021,03.19,8,2149,1960,27
2021,03.20,15,2164,1970,27
2021,03.21,9,2173,1990,27
2021,03.22,0,2173,2007,27
2021,03.23,9,2182,2020,27
2021,03.24,17,2199,2030,27
2021,03.25,11,2210,2040,28
2021,03.26,17,2227,2047,28
2021,03.27,21,2248,2052,28
2021,03.28,6,2254,2057,28
2021,03.29,5,2259,2070,28
2021,03.30,0,2259,2070,28
2021,03.31,0,2259,2070,28
2021,04.01,29,2288,2115,28
2021,04.02,17,2305,2128,28
2021,04.03,15,2320,2143,28
2021,04.04,6,2326,2155,29
2021,04.05,3,2329,2175,29
2021,04.06,5,2334,2190,30
2021,04.07,11,2345,2200,30
2021,04.08,8,2353,2205,30
2021,04.09,11,2364,2213,30
2021,04.10,5,2369,2220,31
2021,04.11,5,2374,2230,31
2021,04.12,1,2375,2242,31
2021,04.13,2,2377,2247,31
2021,04.14,1,2378,2260,31
2021,04.15,6,2384,2266,31
2021,04.16,3,2387,2268,31
2021,04.17,4,2391,2276,31
2021,04.18,4,2395,2282,31
2021,04.19,4,2399,2292,31
2021,04.20,5,2404,2304,31
2021,04.21,9,2413,2306,31
2021,04.22,9,2422,2308,31
2021,04.23,0,2422,2308,31
2021,04.24,4,2426,2317,31
2021,04.25,3,2429,2327,31
2021,04.26,3,2432,2330,32
2021,04.27,7,2439,2334,32
2021,04.28,3,2442,2338,32
2021,04.29,5,2447,2342,32
2021,04.30,5,2452,2358,32
2021,05.01,2,2454,2368,32
2021,05.02,3,2457,2369,32
2021,05.03,0,2457,2371,32
2021,05.04,8,2465,2380,32
2021,05.05,3,2468,2390,32
2021,05.06,3,2471,2393,32
2021,05.07,4,2475,2397,32
2021,05.08,2,2477,2402,32
2021,05.09,2,2479,2407,32
2021,05.10,0,2479,2413,32
2021,05.11,2,2481,2420,32
2021,05.12,5,2486,2423,32
2021,05.13,1,2487,2427,32
2021,05.14,3,2490,2428,32
2021,05.15,0,2490,2428,32
2021,05.16,3,2493,2434,32
2021,05.17,0,2493,2434,32
2021,05.18,1,2494,2446,32
2021,05.19,1,2495,2447,32
2021,05.20,2,2497,2450,32
2021,05.21,2,2499,2457,32
2021,05.22,1,2500,2458,32
2021,05.23,1,2501,2459,32
2021,05.24,0,2501,2460,32
2021,05.25,0,2501,2460,32
2021,05.26,1,2502,2461,32
2021,05.27,1,2503,2461,32
2021,05.28,0,2503,2462,32
2021,05.29,0,2503,2463,32
2021,05.30,0,2503,2463,32
2021,05.31,1,2504,2466,32
2021,06.01,0,2504,2467,32
2021,06.02,2,2506,2467,33
2021,06.03,2,2508,2467,33
2021,06.04,0,2508,2468,33
2021,06.05,0,2508,2469,33
2021,06.06,0,2508,2469,33
2021,06.07,0,2508,2469,33
2021,06.08,0,2508,2469,33
2021,06.09,3,2511,2469,33
2021,06.10,3,2514,2469,33
2021,06.11,2,2516,2473,33
2021,06.12,4,2520,2473,33
2021,06.13,4,2524,2473,33
2021,06.14,1,2525,2473,33
2021,06.15,1,2526,2473,33
2021,06.16,6,2532,2473,33
2021,06.17,7,2539,2473,33
2021,06.18,6,2545,2473,33
2021,06.19,2,2547,2473,33
2021,06.20,1,2548,2474,33
2021,06.21,0,2548,2474,33
2021,06.22,1,2549,2481,33
2021,06.23,5,2554,2487,33
2021,06.24,3,2557,2491,33
2021,06.25,5,2562,2496,33
2021,06.26,8,2570,2499,33
2021,06.27,0,2570,2499,33
2021,06.28,1,2571,2504,33
2021,06.29,4,2575,2514,33
2021,06.30,1,2576,2515,33
2021,07.01,1,2577,2520,33
2021,07.02,3,2580,2521,33
2021,07.03,6,2586,2528,33
2021,07.04,1,2587,2533,33
2021,07.05,0,2587,2537,33
2021,07.06,2,2589,2539,33
2021,07.07,6,2595,2541,33
2021,07.08,4,2599,2541,33
2021,07.09,4,2603,2542,33
2021,07.10,8,2611,2542,33
2021,07.11,11,2622,2542,33
2021,07.12,0,2622,2542,33
2021,07.13,2,2624,2548,33
2021,07.14,16,2640,2552,33
2021,07.15,8,2648,2555,33
2021,07.16,7,2655,2558,33
2021,07.17,7,2662,2562,33
2021,07.18,18,2680,2563,33
2021,07.19,2,2682,2570,33
2021,07.20,11,2693,2574,33
2021,07.21,24,2717,2587,33
2021,07.22,11,2728,2597,33
2021,07.23,16,2744,2609,33
2021,07.24,13,2757,2617,33
2021,07.25,22,2779,2617,33
2021,07.26,6,2785,2627,33
2021,07.27,11,2796,2646,33
2021,07.28,18,2814,2652,33
2021,07.29,19,2833,2674,33
2021,07.30,20,2853,2685,33
2021,07.31,20,2873,2700,33
2021,08.01,16,2889,2707,33
2021,08.02,2,2891,2715,33
2021,08.03,6,2897,2729,33
2021,08.04,29,2926,2744,33
2021,08.05,14,2940,2759,33
2021,08.06,21,2961,2759,33
2021,08.07,0,2961,2759,33
2021,08.08,12,2973,2759,33
2021,08.09,1,2974,2759,33
2021,08.10,18,2992,2759,33
2021,08.11,29,3021,2759,33
2021,08.12,14,3035,2759,33
2021,08.13,5,3040,2759,33
2021,08.14,15,3055,2759,33
2021,08.15,3,3058,2759,33
2021,08.16,1,3059,2759,33
2021,08.17,15,3074,2759,33
2021,08.18,6,3080,2759,33
2021,08.19,19,3099,2759,33
2021,08.20,6,3105,2759,33
2021,08.21,16,3121,2759,33
2021,08.22,8,3129,2759,33
2021,08.23,4,3133,2759,33
2021,08.24,8,3141,2759,33
2021,08.25,15,3156,2759,33
2021,08.26,7,3163,2759,33
2021,08.27,7,3170,2759,33
2021,08.28,8,3178,2759,33
