year,date,confirm_add,confirm,heal,dead
2020,03.14,1,1,0,0
2020,03.15,0,1,0,0
2020,03.16,0,1,0,0
2020,03.17,0,1,0,0
2020,03.18,0,1,0,0
2020,03.19,0,1,0,0
2020,03.20,0,1,0,0
2020,03.21,0,1,0,0
2020,03.22,3,4,0,0
2020,03.23,0,4,0,0
2020,03.24,1,5,0,0
2020,03.25,-1,4,0,0
2020,03.26,0,4,0,0
2020,03.27,2,6,0,0
2020,03.28,3,9,0,0
2020,03.29,4,9,0,0
2020,03.30,0,9,0,0
2020,03.31,0,9,0,0
2020,04.01,0,9,0,0
2020,04.02,0,9,0,0
2020,04.03,0,9,0,0
2020,04.04,0,9,0,0
2020,04.05,0,9,0,0
2020,04.06,0,9,0,0
2020,04.07,1,10,4,0
2020,04.08,0,10,4,0
2020,04.09,2,12,7,0
2020,04.10,0,12,7,0
2020,04.11,0,12,7,0
2020,04.12,2,14,7,0
2020,04.13,0,14,7,0
2020,04.14,1,15,8,0
2020,04.15,0,15,8,0
2020,04.16,1,16,8,0
2020,04.17,0,16,8,1
2020,04.18,3,19,8,1
2020,04.19,3,22,8,1
2020,04.20,2,24,8,1
2020,04.21,0,24,8,1
2020,04.22,7,31,8,1
2020,04.23,0,31,8,1
2020,04.24,5,36,10,1
2020,04.25,4,40,10,1
2020,04.26,19,59,10,1
2020,04.27,0,59,10,1
2020,04.28,12,71,10,1
2020,04.29,0,71,10,1
2020,04.30,29,100,12,1
2020,05.01,0,100,12,1
2020,05.02,8,108,12,1
2020,05.03,0,108,12,1
2020,05.04,4,112,12,1
2020,05.05,4,116,12,1
2020,05.06,3,119,12,1
2020,05.07,4,123,12,2
2020,05.08,30,153,12,2
2020,05.09,6,159,12,2
2020,05.10,4,163,14,2
2020,05.11,9,172,27,2
2020,05.12,3,175,28,2
2020,05.13,9,184,28,2
2020,05.14,3,187,48,2
2020,05.15,0,187,51,2
2020,05.16,3,190,66,2
2020,05.17,12,202,72,2
2020,05.18,1,203,73,2
2020,05.19,2,205,78,2
2020,05.20,3,208,87,2
2020,05.21,9,217,97,2
2020,05.22,3,220,112,2
2020,05.23,5,225,119,2
2020,05.24,13,238,119,2
2020,05.25,12,250,156,2
2020,05.26,6,256,158,2
2020,05.27,5,261,164,2
2020,05.28,11,272,168,2
2020,05.29,7,279,168,2
2020,05.30,0,279,168,2
2020,05.31,4,283,168,2
2020,06.01,2,285,189,2
2020,06.02,8,293,194,3
2020,06.03,1,294,198,3
2020,06.04,1,295,201,3
2020,06.05,5,300,201,3
2020,06.06,5,305,221,3
2020,06.07,28,333,225,3
2020,06.08,0,333,225,3
2020,06.09,7,340,229,3
2020,06.10,31,371,232,3
2020,06.11,27,398,236,3
2020,06.12,51,449,238,3
2020,06.13,23,472,246,3
2020,06.14,14,486,247,3
2020,06.15,4,490,249,4
2020,06.16,16,506,249,4
2020,06.17,14,520,259,4
2020,06.18,43,563,262,4
2020,06.19,23,586,267,4
2020,06.20,37,623,276,4
2020,06.21,4,627,285,5
2020,06.22,8,635,285,5
2020,06.23,8,643,291,6
2020,06.24,31,674,319,7
2020,06.25,16,690,331,7
2020,06.26,16,706,347,8
2020,06.27,22,728,367,8
2020,06.28,17,745,370,8
2020,06.29,36,781,372,11
2020,06.30,14,795,380,11
2020,07.01,17,812,408,11
2020,07.02,28,840,418,11
2020,07.03,33,873,452,11
2020,07.04,36,909,515,13
2020,07.05,45,954,535,13
2020,07.06,34,988,547,13
2020,07.07,23,1011,564,13
2020,07.08,45,1056,570,14
2020,07.09,82,1138,588,14
2020,07.10,75,1213,609,17
2020,07.11,44,1257,633,18
2020,07.12,54,1311,656,18
2020,07.13,40,1351,668,20
2020,07.14,38,1389,688,20
2020,07.15,45,1434,695,20
2020,07.16,55,1489,724,20
2020,07.17,63,1552,736,21
2020,07.18,67,1619,769,21
2020,07.19,110,1729,788,21
2020,07.20,64,1793,822,21
2020,07.21,33,1826,850,23
2020,07.22,68,1894,855,24
2020,07.23,44,1938,876,25
2020,07.24,83,2021,882,28
2020,07.25,52,2073,929,28
2020,07.26,69,2142,940,28
2020,07.27,65,2207,986,32
2020,07.28,109,2316,1025,34
2020,07.29,88,2404,1025,39
2020,07.30,147,2551,1070,40
2020,07.31,26,2577,1134,40
2020,08.01,71,2648,1214,41
2020,08.02,58,2706,1214,43
2020,08.03,69,2775,1214,43
2020,08.04,63,2838,1253,45
2020,08.05,18,2856,1258,49
2020,08.06,53,2909,1385,53
2020,08.07,59,2968,1476,55
2020,08.08,68,3036,1476,56
2020,08.09,92,3128,1565,56
2020,08.10,108,3236,1607,58
2020,08.11,73,3309,1634,61
2020,08.12,101,3410,1720,63
2020,08.13,115,3525,1910,63
2020,08.14,74,3599,1991,65
2020,08.15,71,3670,1991,68
2020,08.16,75,3745,2268,69
2020,08.17,94,3839,2268,70
2020,08.18,55,3894,2371,73
2020,08.19,95,3989,2587,76
2020,08.20,69,4058,2611,79
2020,08.21,52,4110,2643,81
2020,08.22,18,4128,2682,81
2020,08.23,61,4189,2762,83
2020,08.24,36,4225,2898,85
2020,08.25,79,4304,2936,85
2020,08.26,23,4327,2959,86
2020,08.27,60,4387,3078,88
2020,08.28,46,4433,3115,89
2020,08.29,28,4461,3210,91
2020,08.30,49,4510,3359,91
2020,08.31,51,4561,3478,91
2020,09.01,16,4577,3529,91
2020,09.02,41,4618,3562,94
2020,09.03,50,4668,3585,94
2020,09.04,52,4720,3789,94
2020,09.05,60,4780,3844,94
2020,09.06,39,4819,3903,94
2020,09.07,34,4853,3951,94
2020,09.08,31,4884,4029,94
2020,09.09,20,4904,4059,96
2020,09.10,32,4936,4077,97
2020,09.11,58,4994,4103,98
2020,09.12,31,5025,4165,98
2020,09.13,25,5050,4188,98
2020,09.14,25,5075,4229,98
2020,09.15,29,5104,4374,101
2020,09.16,24,5128,4401,101
2020,09.17,27,5155,4418,101
2020,09.18,36,5191,4439,103
2020,09.19,24,5215,4478,103
2020,09.20,30,5245,4571,104
2020,09.21,24,5269,4624,104
2020,09.22,13,5282,4647,104
2020,09.23,25,5307,4672,106
2020,09.24,36,5343,4693,108
2020,09.25,32,5375,4724,108
2020,09.26,24,5399,4767,108
2020,09.27,20,5419,4802,108
2020,09.28,12,5431,4821,108
2020,09.29,21,5452,4844,108
2020,09.30,10,5462,4859,108
2020,10.01,20,5482,4912,109
2020,10.02,18,5500,5000,111
2020,10.03,21,5521,5061,111
2020,10.04,9,5530,5076,111
2020,10.05,39,5569,5127,111
2020,10.06,10,5579,5141,112
2020,10.07,19,5598,5169,112
2020,10.08,19,5617,5196,113
2020,10.09,15,5632,5231,113
2020,10.10,12,5644,5254,113
2020,10.11,16,5660,5282,113
2020,10.12,9,5669,5310,113
2020,10.13,14,5683,5322,113
2020,10.14,13,5696,5337,114
2020,10.15,19,5715,5347,114
2020,10.16,18,5733,5375,115
2020,10.17,13,5746,5392,115
2020,10.18,19,5765,5392,115
2020,10.19,15,5780,5415,116
2020,10.20,8,5788,5427,116
2020,10.21,12,5800,5437,116
2020,10.22,5,5805,5453,116
2020,10.23,9,5814,5468,116
2020,10.24,17,5831,5485,116
2020,10.25,16,5847,5491,116
2020,10.26,7,5854,5502,116
2020,10.27,9,5863,5511,116
2020,10.28,12,5875,5524,116
2020,10.29,11,5886,5542,116
2020,10.30,13,5899,5542,117
2020,10.31,10,5909,5557,117
2020,11.01,8,5917,5646,117
2020,11.02,8,5925,5652,117
2020,11.03,4,5929,5657,117
2020,11.04,13,5942,5669,117
2020,11.05,13,5955,5686,117
2020,11.06,12,5967,5694,117
2020,11.07,9,5976,5704,117
2020,11.08,13,5989,5719,117
2020,11.09,14,6003,5724,117
2020,11.10,10,6013,5732,117
2020,11.11,11,6024,5737,117
2020,11.12,20,6044,5744,117
2020,11.13,16,6060,5746,117
2020,11.14,16,6076,5756,118
2020,11.15,17,6093,5771,119
2020,11.16,2,6095,5779,119
2020,11.17,10,6105,5790,119
2020,11.18,19,6124,5812,119
2020,11.19,20,6144,5826,119
2020,11.20,12,6156,5831,119
2020,11.21,29,6185,5839,119
2020,11.22,20,6205,5850,119
2020,11.23,14,6219,5858,120
2020,11.24,14,6233,5869,120
2020,11.25,14,6247,5878,120
2020,11.26,25,6272,5901,120
2020,11.27,57,6329,5929,120
2020,11.28,33,6362,5959,120
2020,11.29,44,6406,5987,121
2020,11.30,4,6410,5996,121
2020,12.01,9,6419,6006,122
2020,12.02,23,6442,6017,122
2020,12.03,13,6455,6032,122
2020,12.04,19,6474,6044,122
2020,12.05,6,6480,6066,122
2020,12.06,15,6495,6078,122
2020,12.07,6,6501,6090,122
2020,12.08,28,6529,6094,123
2020,12.09,34,6563,6137,124
2020,12.10,49,6612,6175,125
2020,12.11,21,6633,6221,126
2020,12.12,52,6685,6279,126
2020,12.13,29,6714,6331,127
2020,12.14,54,6768,6379,127
2020,12.15,57,6825,6416,130
2020,12.16,87,6912,6476,132
2020,12.17,114,7026,6531,135
2020,12.18,67,7093,6579,135
2020,12.19,109,7202,6624,136
2020,12.20,103,7305,6662,137
2020,12.21,122,7427,6696,140
2020,12.22,135,7562,6761,141
2020,12.23,153,7715,6821,142
2020,12.24,153,7868,6879,153
2020,12.25,164,8032,6952,154
2020,12.26,138,8170,7016,154
2020,12.27,197,8367,7016,163
2020,12.28,117,8484,7016,165
2020,12.29,203,8687,7026,167
2020,12.30,247,8934,7048,175
2020,12.31,212,9146,7062,184
2021,01.01,212,9358,7073,205
2021,01.02,124,9482,7073,216
2021,01.03,229,9711,7096,227
2021,01.04,232,9943,7113,231
2021,01.05,195,10138,7123,244
2021,01.06,200,10338,7134,252
2021,01.07,201,10539,7254,261
2021,01.08,234,10773,7377,268
2021,01.09,202,10975,7494,279
2021,01.10,205,11180,7592,291
2021,01.11,255,11435,7676,295
2021,01.12,276,11711,7774,298
2021,01.13,208,11919,7898,319
2021,01.14,205,12124,7986,332
2021,01.15,203,12327,8076,335
2021,01.16,205,12532,8076,343
2021,01.17,204,12736,8076,360
2021,01.18,208,12944,8222,376
2021,01.19,243,13187,8374,384
2021,01.20,256,13443,8512,403
2021,01.21,346,13789,8652,427
2021,01.22,228,14017,8822,441
2021,01.23,202,14219,8962,458
2021,01.24,111,14330,9102,458
2021,01.25,154,14484,9242,479
2021,01.26,138,14622,9394,493
2021,01.27,208,14830,9542,517
2021,01.28,221,15051,9700,522
2021,01.29,232,15283,9833,538
2021,01.30,188,15471,10028,551
2021,01.31,195,15666,10238,562
2021,02.01,45,15711,10478,565
2021,02.02,93,15804,10650,574
2021,02.03,74,15878,10839,583
2021,02.04,96,15974,10999,585
2021,02.05,71,16045,11122,591
2021,02.06,92,16137,11289,600
2021,02.07,44,16181,11469,604
2021,02.08,23,16204,11614,604
2021,02.09,30,16234,11719,607
2021,02.10,54,16288,11857,610
2021,02.11,53,16341,11955,616
2021,02.12,55,16396,12036,619
2021,02.13,59,16455,12140,630
2021,02.14,33,16488,12196,630
2021,02.15,47,16535,12252,630
2021,02.16,41,16576,12307,634
2021,02.17,30,16606,12383,634
2021,02.18,67,16673,12487,637
2021,02.19,36,16709,12611,640
2021,02.20,33,16742,12769,644
2021,02.21,22,16764,12984,645
2021,02.22,25,16789,13195,645
2021,02.23,18,16807,13415,645
2021,02.24,32,16839,13613,647
2021,02.25,58,16897,13801,649
2021,02.26,49,16946,14031,650
2021,02.27,26,16972,14241,650
2021,02.28,30,17002,14446,650
2021,03.01,12,17014,14676,652
2021,03.02,11,17025,14800,652
2021,03.03,61,17086,14898,652
2021,03.04,17,17103,14952,652
2021,03.05,26,17129,15039,654
2021,03.06,26,17155,15131,654
2021,03.07,18,17173,15211,658
2021,03.08,11,17184,15276,658
2021,03.09,4,17188,15343,658
2021,03.10,3,17191,15448,658
2021,03.11,12,17203,15513,658
2021,03.12,12,17215,15567,659
2021,03.13,10,17225,15622,659
2021,03.14,9,17234,15668,661
2021,03.15,3,17237,15748,661
2021,03.16,2,17239,15791,663
2021,03.17,4,17243,15841,663
2021,03.18,14,17257,15885,663
2021,03.19,10,17267,15936,664
2021,03.20,7,17274,15981,664
2021,03.21,9,17283,16021,665
2021,03.22,3,17286,16044,665
2021,03.23,4,17290,16067,665
2021,03.24,6,17296,16101,665
2021,03.25,5,17301,16175,666
2021,03.26,5,17306,16250,666
2021,03.27,6,17312,16313,666
2021,03.28,6,17318,16389,666
2021,03.29,3,17321,16418,667
2021,03.30,0,17321,16418,667
2021,03.31,0,17321,16418,667
2021,04.01,16,17337,16528,667
2021,04.02,7,17344,16544,668
2021,04.03,3,17347,16568,668
2021,04.04,2,17349,16605,668
2021,04.05,3,17352,16616,668
2021,04.06,2,17354,16618,669
2021,04.07,4,17358,16623,669
2021,04.08,7,17365,16631,669
2021,04.09,2,17367,16639,669
2021,04.10,3,17370,16642,669
2021,04.11,3,17373,16645,669
2021,04.12,1020,18393,17682,669
2021,04.13,0,18393,17682,669
2021,04.14,9,18402,17682,669
2021,04.15,5,18407,17682,670
2021,04.16,5,18412,17682,670
2021,04.17,2,18414,17682,670
2021,04.18,1,18415,17682,671
2021,04.19,2,18417,17712,671
2021,04.20,0,18417,17715,671
2021,04.21,0,18417,17718,671
2021,04.22,6,18423,17721,671
2021,04.23,3,18426,17722,671
2021,04.24,8,18434,17730,671
2021,04.25,6,18440,17737,671
2021,04.26,2,18442,17737,671
2021,04.27,1,18443,17741,671
2021,04.28,5,18448,17741,671
2021,04.29,4,18452,17743,671
2021,04.30,6,18458,17743,671
2021,05.01,0,18458,17743,671
2021,05.02,0,18458,17748,671
2021,05.03,0,18458,17748,671
2021,05.04,2,18460,17758,671
2021,05.05,1,18461,17763,671
2021,05.06,6,18467,17768,671
2021,05.07,6,18473,17768,671
2021,05.08,1,18474,17773,671
2021,05.09,3,18477,17777,671
2021,05.10,3,18480,17783,671
2021,05.11,2,18482,17784,671
2021,05.12,5,18487,17784,671
2021,05.13,5,18492,17784,671
2021,05.14,5,18497,17786,671
2021,05.15,14,18511,17793,671
2021,05.16,8,18519,17799,671
2021,05.17,1,18520,17800,672
2021,05.18,3,18523,17803,672
2021,05.19,2,18525,17806,672
2021,05.20,5,18530,17808,672
2021,05.21,9,18539,17819,672
2021,05.22,7,18546,17824,672
2021,05.23,4,18550,17829,672
2021,05.24,1,18551,17833,672
2021,05.25,6,18557,17845,672
2021,05.26,13,18570,17854,672
2021,05.27,2,18572,17854,672
2021,05.28,10,18582,17854,672
2021,05.29,5,18587,17855,672
2021,05.30,2,18589,17861,672
2021,05.31,2,18591,17867,673
2021,06.01,4,18595,17874,673
2021,06.02,6,18601,17876,673
2021,06.03,17,18618,17882,673
2021,06.04,5,18623,17886,673
2021,06.05,9,18632,17894,673
2021,06.06,4,18636,17896,673
2021,06.07,17,18653,17903,673
2021,06.08,11,18664,17906,673
2021,06.09,16,18680,17912,674
2021,06.10,14,18694,17917,676
2021,06.11,11,18705,17923,676
2021,06.12,18,18723,17938,676
2021,06.13,9,18732,17943,676
2021,06.14,4,18736,17949,676
2021,06.15,10,18746,17952,676
2021,06.16,8,18754,17959,676
2021,06.17,14,18768,17970,676
2021,06.18,16,18784,17983,676
2021,06.19,16,18800,17997,677
2021,06.20,11,18811,18005,677
2021,06.21,2,18813,18017,677
2021,06.22,18,18831,18039,677
2021,06.23,23,18854,18048,677
2021,06.24,44,18898,18050,677
2021,06.25,49,18947,18059,678
2021,06.26,42,18989,18068,678
2021,06.27,29,19018,18078,678
2021,06.28,17,19035,18095,678
2021,06.29,49,19084,18107,678
2021,06.30,0,19084,18107,678
2021,07.01,0,19084,18107,678
2021,07.02,0,19084,18107,678
2021,07.03,0,19084,18107,678
2021,07.04,0,19084,18107,678
2021,07.05,0,19084,18107,678
2021,07.06,0,19084,18107,678
2021,07.07,326,19410,18323,683
2021,07.08,112,19522,18338,684
2021,07.09,140,19662,18380,685
2021,07.10,117,19779,18424,686
2021,07.11,91,19870,18455,687
2021,07.12,48,19918,18466,692
2021,07.13,162,20080,18495,695
2021,07.14,200,20280,18533,696
2021,07.15,209,20489,18557,696
2021,07.16,204,20693,18585,698
2021,07.17,205,20898,18666,701
2021,07.18,164,21062,18768,703
2021,07.19,70,21132,18887,712
2021,07.20,111,21243,18987,719
2021,07.21,253,21496,19086,727
2021,07.22,240,21736,19221,730
2021,07.23,144,21880,19392,735
2021,07.24,0,21880,19392,735
2021,07.25,807,22687,19769,747
2021,07.26,318,23005,19962,752
2021,07.27,342,23347,20157,759
2021,07.28,361,23708,20304,765
2021,07.29,539,24247,20362,770
2021,07.30,601,24848,20476,772
2021,07.31,667,25515,20703,779
2021,08.01,464,25979,20918,787
2021,08.02,241,26220,21047,798
2021,08.03,408,26628,21313,806
2021,08.04,839,27467,21821,813
2021,08.05,1068,28535,22127,818
2021,08.06,862,29397,22127,827
2021,08.07,0,29397,22127,827
2021,08.08,980,30377,22127,835
2021,08.09,683,31060,22127,861
2021,08.10,678,31738,22127,874
2021,08.11,1060,32798,22127,889
2021,08.12,767,33565,22127,896
2021,08.13,1020,34585,22127,905
2021,08.14,765,35350,22127,912
2021,08.15,501,35851,22127,924
2021,08.16,157,36008,22127,934
2021,08.17,506,36514,22127,942
2021,08.18,747,37261,22127,951
2021,08.19,769,38030,22127,961
2021,08.20,709,38739,22127,973
2021,08.21,791,39530,22127,984
2021,08.22,753,40283,22127,991
2021,08.23,172,40455,22127,1004
2021,08.24,259,40714,22127,1022
2021,08.25,515,41229,22127,1033
2021,08.26,451,41680,22127,1042
2021,08.27,477,42157,22127,1057
2021,08.28,326,42483,22127,1063
