year,date,confirm_add,confirm,heal,dead
2020,03.11,2,2,0,0
2020,03.12,0,2,0,0
2020,03.13,0,2,0,0
2020,03.14,0,2,0,0
2020,03.15,0,2,0,0
2020,03.16,0,2,0,0
2020,03.17,0,2,0,0
2020,03.18,6,8,0,0
2020,03.19,4,12,0,0
2020,03.20,12,24,0,0
2020,03.21,0,24,0,0
2020,03.22,2,26,0,0
2020,03.23,1,27,0,0
2020,03.24,6,30,0,0
2020,03.25,6,36,0,0
2020,03.26,22,52,0,0
2020,03.27,16,68,0,1
2020,03.28,27,95,3,1
2020,03.29,27,95,3,1
2020,03.30,44,139,3,1
2020,03.31,2,141,3,7
2020,04.01,31,172,3,10
2020,04.02,47,219,3,14
2020,04.03,3,222,3,15
2020,04.04,42,264,3,15
2020,04.05,4,268,6,22
2020,04.06,30,298,6,22
2020,04.07,7,305,6,22
2020,04.08,7,312,6,22
2020,04.09,31,343,6,23
2020,04.10,39,382,7,23
2020,04.11,10,392,7,24
2020,04.12,1,393,7,25
2020,04.13,4,397,7,25
2020,04.14,10,407,7,26
2020,04.15,12,419,9,31
2020,04.16,7,426,9,35
2020,04.17,16,442,10,41
2020,04.18,15,457,10,46
2020,04.19,15,472,15,46
2020,04.20,5,477,25,46
2020,04.21,17,494,29,46
2020,04.22,16,510,30,46
2020,04.23,9,519,31,47
2020,04.24,43,562,50,47
2020,04.25,29,591,58,55
2020,04.26,36,627,65,59
2020,04.27,34,661,79,61
2020,04.28,41,702,79,64
2020,04.29,36,738,73,66
2020,04.30,33,771,79,71
2020,05.01,33,804,112,75
2020,05.02,95,899,112,75
2020,05.03,0,899,112,75
2020,05.04,156,1055,118,82
2020,05.05,123,1178,122,83
2020,05.06,92,1270,122,93
2020,05.07,191,1461,132,99
2020,05.08,224,1685,154,105
2020,05.09,86,1771,192,107
2020,05.10,59,1830,195,108
2020,05.11,142,1972,203,108
2020,05.12,128,2100,206,116
2020,05.13,-20,2080,211,121
2020,05.14,175,2255,237,123
2020,05.15,63,2318,253,133
2020,05.16,142,2460,264,134
2020,05.17,105,2565,278,138
2020,05.18,81,2646,319,142
2020,05.19,152,2798,340,146
2020,05.20,157,2955,349,147
2020,05.21,145,3100,355,151
2020,05.22,104,3204,397,156
2020,05.23,273,3477,439,167
2020,05.24,266,3743,455,174
2020,05.25,207,3950,468,180
2020,05.26,239,4189,473,182
2020,05.27,212,4401,493,188
2020,05.28,239,4640,506,194
2020,05.29,112,4752,519,196
2020,05.30,134,4886,528,199
2020,05.31,208,5094,536,201
2020,06.01,108,5202,537,212
2020,06.02,160,5362,549,217
2020,06.03,0,5362,549,217
2020,06.04,328,5690,617,234
2020,06.05,190,5880,648,243
2020,06.06,91,5971,677,248
2020,06.07,184,6155,697,250
2020,06.08,172,6327,712,258
2020,06.09,123,6450,740,262
2020,06.10,485,6935,787,271
2020,06.11,425,7360,809,290
2020,06.12,309,7669,837,294
2020,06.13,463,8132,844,306
2020,06.14,323,8455,894,310
2020,06.15,403,8858,967,312
2020,06.16,320,9178,1025,322
2020,06.17,478,9656,1075,330
2020,06.18,643,10299,1116,336
2020,06.19,440,10739,1179,343
2020,06.20,519,11258,1214,349
2020,06.21,1048,12306,1275,358
2020,06.22,463,12769,1293,363
2020,06.23,587,13356,1362,395
2020,06.24,587,13943,1461,405
2020,06.25,628,14571,1546,417
2020,06.26,795,15366,1600,426
2020,06.27,628,15994,1678,471
2020,06.28,1013,17007,1767,479
2020,06.29,1075,18082,1875,479
2020,06.30,736,18818,1961,485
2020,07.01,740,19558,2060,497
2020,07.02,704,20262,2123,542
2020,07.03,858,21120,2190,591
2020,07.04,996,22116,2250,605
2020,07.05,805,22921,2387,629
2020,07.06,1022,23943,2490,639
2020,07.07,722,24665,2585,656
2020,07.08,763,25428,2637,677
2020,07.09,550,25978,2721,694
2020,07.10,406,26384,2779,704
2020,07.11,669,27053,2850,750
2020,07.12,530,27583,2901,771
2020,07.13,507,28090,2957,774
2020,07.14,489,28579,3123,789
2020,07.15,527,29106,3287,807
2020,07.16,930,30036,3379,825
2020,07.17,831,30867,3420,835
2020,07.18,878,31745,3565,857
2020,07.19,1048,32793,3661,891
2020,07.20,1042,33835,3801,900
2020,07.21,776,34611,3905,935
2020,07.22,734,35345,4144,988
2020,07.23,757,36102,4315,1006
2020,07.24,800,36902,4448,1011
2020,07.25,657,37559,4607,1061
2020,07.26,879,38438,4713,1098
2020,07.27,838,39276,4922,1116
2020,07.28,465,39741,5039,1166
2020,07.29,719,40460,5103,1214
2020,07.30,484,40944,5281,1259
2020,07.31,482,41426,5443,1312
2020,08.01,588,42014,5554,1337
2020,08.02,671,42685,5694,1368
2020,08.03,512,43197,5794,1377
2020,08.04,597,43794,5854,1384
2020,08.05,505,44299,5921,1400
2020,08.06,799,45098,6116,1423
2020,08.07,657,45755,6225,1446
2020,08.08,610,46365,6355,1465
2020,08.09,608,46973,6428,1476
2020,08.10,481,47454,6597,1495
2020,08.11,418,47872,6649,1506
2020,08.12,531,48403,6805,1515
2020,08.13,254,48657,6945,1533
2020,08.14,385,49042,7032,1542
2020,08.15,425,49467,7128,1548
2020,08.16,512,49979,7255,1567
2020,08.17,523,50502,7339,1575
2020,08.18,493,50995,7450,1583
2020,08.19,675,51670,7661,1593
2020,08.20,628,52298,7867,1608
2020,08.21,521,52819,8082,1619
2020,08.22,562,53381,8271,1632
2020,08.23,602,53983,8449,1643
2020,08.24,528,54511,8532,1654
2020,08.25,968,55479,8556,1683
2020,08.26,398,55877,9124,1703
2020,08.27,772,56649,9169,1747
2020,08.28,1020,57669,9586,1803
2020,08.29,1141,58810,10076,1827
2020,08.30,835,59645,10156,1842
2020,08.31,529,60174,10242,1858
2020,09.01,840,61014,10396,1873
2020,09.02,755,61769,10430,1888
2020,09.03,757,62526,11147,1924
2020,09.04,632,63158,11618,1954
2020,09.05,640,63798,12347,1984
2020,09.06,554,64352,13115,2006
2020,09.07,412,64764,13418,2007
2020,09.08,50,64814,13828,2023
2020,09.09,404,65218,14273,2034
2020,09.10,379,65597,15064,2044
2020,09.11,205,65802,15577,2049
2020,09.12,247,66049,16613,2058
2020,09.13,1087,67136,17770,2065
2020,09.14,653,67789,17873,2079
2020,09.15,831,68620,18487,2087
2020,09.16,0,68620,18487,2087
2020,09.17,1040,69660,19983,2102
2020,09.18,460,70120,20677,2122
2020,09.19,491,70611,21149,2146
2020,09.20,532,71143,21810,2166
2020,09.21,473,71616,22065,2184
2020,09.22,459,72075,22611,2204
2020,09.23,231,72306,23230,2206
2020,09.24,369,72675,24022,2222
2020,09.25,518,73193,24580,2249
2020,09.26,647,73840,25728,2271
2020,09.27,708,74548,26088,2288
2020,09.28,561,75109,26374,2289
2020,09.29,428,75537,26957,2301
2020,09.30,561,76098,27383,2323
2020,10.01,802,76900,27922,2353
2020,10.02,698,77598,28517,2380
2020,10.03,671,78269,28978,2386
2020,10.04,519,78788,29187,2399
2020,10.05,841,79629,29305,2422
2020,10.06,391,80020,29768,2433
2020,10.07,642,80662,30131,2447
2020,10.08,354,81016,30590,2466
2020,10.09,656,81672,31089,2477
2020,10.10,880,82552,31736,2492
2020,10.11,594,83146,31931,2504
2020,10.12,935,84081,32012,2512
2020,10.13,332,84413,32214,2521
2020,10.14,439,84852,32772,2528
2020,10.15,606,85458,32990,2533
2020,10.16,631,86089,34099,2552
2020,10.17,602,86691,34546,2556
2020,10.18,903,87594,34662,2563
2020,10.19,831,88425,34964,2568
2020,10.20,956,89381,35398,2576
2020,10.21,851,90232,35930,2582
2020,10.22,846,91078,36341,2596
2020,10.23,431,91509,37132,2604
2020,10.24,373,91882,37697,2612
2020,10.25,842,92724,37866,2617
2020,10.26,490,93214,37996,2623
2020,10.27,752,93966,38536,2633
2020,10.28,657,94623,38833,2639
2020,10.29,576,95199,39126,2652
2020,10.30,951,96150,39804,2661
2020,10.31,738,96888,40129,2669
2020,11.01,516,97404,40379,2672
2020,11.02,808,98212,40687,2675
2020,11.03,193,98405,41116,2688
2020,11.04,283,98688,41848,2706
2020,11.05,436,99124,42153,2730
2020,11.06,223,99347,42574,2736
2020,11.07,229,99576,42609,2741
2020,11.08,465,100041,42815,2745
2020,11.09,467,100508,42959,2751
2020,11.10,65,100573,43177,2765
2020,11.11,0,100573,43177,2765
2020,11.12,596,101169,43857,2797
2020,11.13,299,101468,44068,2804
2020,11.14,611,102079,44236,2820
2020,11.15,476,102555,44551,2822
2020,11.16,547,103102,44778,2823
2020,11.17,137,103239,44915,2839
2020,11.18,249,103488,45082,2839
2020,11.19,0,103488,45082,2839
2020,11.20,0,103488,45082,2839
2020,11.21,63,103551,45825,2853
2020,11.22,884,104435,46208,2857
2020,11.23,480,104915,46475,2859
2020,11.24,296,105211,46616,2869
2020,11.25,0,105211,46616,2869
2020,11.26,905,106116,47006,2888
2020,11.27,565,106681,47354,2892
2020,11.28,453,107134,47576,2899
2020,11.29,379,107513,47638,2905
2020,11.30,375,107888,47680,2909
2020,12.01,365,108253,48073,2918
2020,12.02,0,108253,48073,2918
2020,12.03,891,109144,48877,2930
2020,12.04,616,109760,48953,2938
2020,12.05,0,109760,48953,2938
2020,12.06,200,109960,49096,2941
2020,12.07,1063,111023,49456,2946
2020,12.08,684,111707,49781,2950
2020,12.09,468,112175,50344,2952
2020,12.10,617,112792,50888,2961
2020,12.11,415,113207,50948,2968
2020,12.12,501,113708,51244,2971
2020,12.13,335,114043,51410,2974
2020,12.14,316,114359,51478,2975
2020,12.15,283,114642,51688,2989
2020,12.16,301,114943,52392,3001
2020,12.17,374,115317,52945,3013
2020,12.18,157,115474,53499,3021
2020,12.19,738,116212,54002,3023
2020,12.20,0,116212,54002,3023
2020,12.21,810,117022,54267,3027
2020,12.22,168,117190,54304,3034
2020,12.23,398,117588,54446,3046
2020,12.24,448,118036,54806,3054
2020,12.25,0,118036,54806,3054
2020,12.26,623,118659,55587,3061
2020,12.27,438,119097,55704,3065
2020,12.28,0,119097,55704,3065
2020,12.29,1006,120103,56463,3088
2020,12.30,809,120912,56580,3111
2020,12.31,915,121827,56694,3130
2021,01.01,936,122763,56936,3141
2021,01.02,211,122974,56936,3160
2021,01.03,170,123144,57348,3173
2021,01.04,225,123369,57348,3180
2021,01.05,29,123398,57348,3181
2021,01.06,424,123822,57348,3186
2021,01.07,1077,124899,57348,3192
2021,01.08,219,125118,57348,3200
2021,01.09,439,125557,58517,3244
2021,01.10,1386,126943,58788,3264
2021,01.11,1002,127945,58788,3273
2021,01.12,756,128701,59301,3285
2021,01.13,1104,129805,59389,3294
2021,01.14,1204,131009,59647,3320
2021,01.15,954,131963,59963,3335
2021,01.16,449,132412,60056,3344
2021,01.17,1095,133507,60056,3348
2021,01.18,604,134111,60132,3354
2021,01.19,827,134938,60165,3368
2021,01.20,1130,136068,60200,3391
2021,01.21,830,136898,60217,3406
2021,01.22,1146,138044,60392,3422
2021,01.23,1138,139182,60410,3439
2021,01.24,1056,140238,60448,3441
2021,01.25,691,140929,60469,3447
2021,01.26,1055,141984,60477,3462
2021,01.27,896,142880,60597,3486
2021,01.28,1127,144007,60669,3512
2021,01.29,985,144992,60735,3549
2021,01.30,1118,146110,60821,3575
2021,01.31,990,147100,60859,3592
2021,02.01,743,147843,60873,3610
2021,02.02,1108,148951,60979,3614
2021,02.03,0,148951,60979,3614
2021,02.04,2152,151103,61284,3662
2021,02.05,1122,152225,61456,3669
2021,02.06,1028,153253,61587,3694
2021,02.07,652,153905,61785,3710
2021,02.08,663,154568,61817,3721
2021,02.09,1167,155735,61936,3742
2021,02.10,871,156606,61968,3789
2021,02.11,862,157468,62120,3806
2021,02.12,887,158355,62991,3838
2021,02.13,669,159024,63153,3848
2021,02.14,764,159788,63170,3857
2021,02.15,383,160171,63170,3866
2021,02.16,812,160983,63346,3893
2021,02.17,744,161727,63471,3913
2021,02.18,857,162584,63618,3933
2021,02.19,721,163305,63921,3965
2021,02.20,772,164077,64168,3975
2021,02.21,418,164495,64606,3992
2021,02.22,600,165095,64678,3996
2021,02.23,642,165737,64781,4024
2021,02.24,810,166547,64891,4040
2021,02.25,947,167494,64988,4076
2021,02.26,749,168243,65425,4099
2021,02.27,668,168911,65873,4117
2021,02.28,843,169754,66447,4141
2021,03.01,550,170304,66513,4151
2021,03.02,681,170985,66709,4174
2021,03.03,773,171758,66903,4187
2021,03.04,342,172100,67239,4214
2021,03.05,477,172577,67630,4231
2021,03.06,443,173020,67900,4247
2021,03.07,0,173020,67900,4247
2021,03.08,709,173729,67989,4260
2021,03.09,514,174243,68085,4283
2021,03.10,265,174508,68284,4297
2021,03.11,934,175442,68350,4301
2021,03.12,985,176427,68500,4311
2021,03.13,741,177168,68652,4325
2021,03.14,664,177832,68652,4331
2021,03.15,445,178277,68678,4334
2021,03.16,648,178925,68725,4360
2021,03.17,590,179515,68892,4373
2021,03.18,756,180271,68919,4390
2021,03.19,525,180796,69008,4402
2021,03.20,561,181357,69105,4422
2021,03.21,574,181931,69105,4430
2021,03.22,478,182409,69105,4443
2021,03.23,871,183280,69177,4469
2021,03.24,751,184031,69458,4489
2021,03.25,790,184821,69935,4506
2021,03.26,663,185484,70427,4527
2021,03.27,853,186337,71027,4536
2021,03.28,678,187015,71384,4557
2021,03.29,445,187460,71988,4558
2021,03.30,515,187975,71988,4585
2021,03.31,539,188514,72644,4599
2021,04.01,529,189043,72732,4605
2021,04.02,683,189726,73308,4622
2021,04.03,0,189726,73308,4622
2021,04.04,752,190478,73308,4640
2021,04.05,153,190631,73373,4644
2021,04.06,505,191136,73463,4681
2021,04.07,1277,192413,73688,4686
2021,04.08,616,193029,74299,4703
2021,04.09,754,193783,74759,4715
2021,04.10,765,194548,75233,4766
2021,04.11,977,195525,75553,4770
2021,04.12,255,195780,75796,4804
2021,04.13,306,196086,75952,4861
2021,04.14,618,196704,76081,4873
2021,04.15,1510,198214,76130,4905
2021,04.16,761,198975,76214,4929
2021,04.17,707,199682,76235,4934
2021,04.18,577,200259,76235,4954
2021,04.19,676,200935,76339,4957
2021,04.20,742,201677,76339,4963
2021,04.21,736,202413,76446,4976
2021,04.22,946,203359,77020,4981
2021,04.23,1469,204828,77431,5047
2021,04.24,868,205696,77531,5095
2021,04.25,685,206381,77539,5100
2021,04.26,526,206907,77679,5141
2021,04.27,413,207320,77814,5193
2021,04.28,1036,208356,78127,5212
2021,04.29,1134,209490,78140,5223
2021,04.30,1586,211076,78517,5261
2021,05.01,1257,212333,78623,5281
2021,05.02,834,213167,78806,5318
2021,05.03,803,213970,79096,5334
2021,05.04,505,214475,79293,5367
2021,05.05,1358,215833,79350,5386
2021,05.06,1131,216964,79925,5439
2021,05.07,631,217595,80583,5502
2021,05.08,735,218330,81160,5585
2021,05.09,958,219288,81382,5617
2021,05.10,897,220185,81382,5665
2021,05.11,803,220988,81639,5701
2021,05.12,1130,222118,81973,5789
2021,05.13,874,222992,82187,5853
2021,05.14,930,223922,82187,5898
2021,05.15,1334,225256,82549,5937
2021,05.16,708,225964,82561,5954
2021,05.17,755,226719,82602,5960
2021,05.18,797,227516,82920,5970
2021,05.19,771,228287,83086,6019
2021,05.20,924,229211,83123,6051
2021,05.21,1100,230311,83393,6093
2021,05.22,1249,231560,83506,6133
2021,05.23,581,232141,83625,6143
2021,05.24,531,232672,83625,6146
2021,05.25,444,233116,83725,6188
2021,05.26,800,233916,83761,6210
2021,05.27,1007,234923,84006,6240
2021,05.28,676,235599,84223,6259
2021,05.29,852,236451,84223,6284
2021,05.30,501,236952,84389,6296
2021,05.31,629,237581,84560,6316
2021,06.01,646,238227,84889,6353
2021,06.02,593,238820,85279,6379
2021,06.03,608,239428,85784,6403
2021,06.04,954,240382,85881,6415
2021,06.05,657,241039,85977,6454
2021,06.06,535,241574,86046,6460
2021,06.07,252,241826,86150,6479
2021,06.08,551,242377,86381,6493
2021,06.09,419,242796,86418,6532
2021,06.10,671,243467,86549,6559
2021,06.11,828,244295,87302,6567
2021,06.12,1400,245695,87864,6599
2021,06.13,1379,247074,88164,6606
2021,06.14,654,247728,88164,6631
2021,06.15,387,248115,89324,6653
2021,06.16,1003,249118,90548,6674
2021,06.17,813,249931,91111,6691
2021,06.18,1218,251149,91189,6719
2021,06.19,817,251966,91468,6748
2021,06.20,1162,253128,91650,6759
2021,06.21,747,253875,91728,6766
2021,06.22,319,254194,91862,6772
2021,06.23,923,255117,91943,6818
2021,06.24,546,255663,92014,6844
2021,06.25,1155,256818,92187,6879
2021,06.26,1531,258349,92253,6902
2021,06.27,1279,259628,92309,6916
2021,06.28,703,260331,92309,6922
2021,06.29,0,260331,92309,6922
2021,06.30,1738,262069,92403,6980
2021,07.01,691,262760,92454,7005
2021,07.02,616,263376,92472,7030
2021,07.03,1798,265174,92645,7059
2021,07.04,1744,266918,92959,7081
2021,07.05,940,267858,93204,7089
2021,07.06,1142,269000,93480,7129
2021,07.07,1020,270020,93654,7149
2021,07.08,669,270689,93843,7175
2021,07.09,930,271619,93877,7192
2021,07.10,1111,272730,94054,7221
2021,07.11,972,273702,94243,7250
2021,07.12,776,274478,94391,7259
2021,07.13,499,274977,94540,7288
2021,07.14,698,275675,94731,7324
2021,07.15,1314,276989,95000,7356
2021,07.16,985,277974,95311,7391
2021,07.17,0,277974,95311,7391
2021,07.18,0,277974,95311,7391
2021,07.19,0,277974,95311,7391
2021,07.20,3630,281604,95839,7482
2021,07.21,1082,282686,96452,7507
2021,07.22,1501,284187,96839,7535
2021,07.23,1188,285375,97200,7558
2021,07.24,0,285375,97200,7558
2021,07.25,1260,286635,97430,7594
2021,07.26,0,286635,97430,7594
2021,07.27,3812,290447,97711,7650
2021,07.28,1240,291687,98410,7713
2021,07.29,1282,292969,99072,7758
2021,07.30,1592,294561,99879,7793
2021,07.31,2550,297111,100697,7834
2021,08.01,0,297111,100697,7834
2021,08.02,0,297111,100697,7834
2021,08.03,3461,300572,101644,7902
2021,08.04,0,300572,101909,7902
2021,08.05,2815,303387,102384,8014
2021,08.06,794,304181,102384,8052
2021,08.07,0,304181,102384,8052
2021,08.08,1755,305936,102384,8120
2021,08.09,0,305936,102384,8120
2021,08.10,3093,309029,102384,8202
2021,08.11,1581,310610,102384,8270
2021,08.12,1582,312192,102384,8310
2021,08.13,0,312192,102384,8310
2021,08.14,4043,316235,102384,8373
2021,08.15,0,316235,102384,8373
2021,08.16,0,316235,102384,8373
2021,08.17,3596,319831,102384,8440
2021,08.18,1844,321675,102384,8496
2021,08.19,1950,323625,102384,8527
2021,08.20,0,323625,102384,8527
2021,08.21,3205,326830,102384,8594
2021,08.22,0,326830,102384,8594
2021,08.23,0,326830,102384,8594
2021,08.24,2861,329691,102384,8670
2021,08.25,1681,331372,102384,8704
2021,08.26,0,331372,102384,8704
2021,08.27,2518,333890,102384,8802
2021,08.28,0,333890,102384,8802
