year,date,confirm_add,confirm,heal,dead
2020,03.01,1,1,0,0
2020,03.02,0,1,0,0
2020,03.03,0,1,0,0
2020,03.04,1,2,0,0
2020,03.05,4,6,0,0
2020,03.06,7,13,0,0
2020,03.07,5,18,0,0
2020,03.08,1,19,0,0
2020,03.09,2,21,0,0
2020,03.10,3,24,0,0
2020,03.11,10,34,0,0
2020,03.12,9,43,0,1
2020,03.13,27,70,0,1
2020,03.14,20,90,0,1
2020,03.15,39,129,0,2
2020,03.16,40,169,0,2
2020,03.17,54,223,0,2
2020,03.18,69,292,0,2
2020,03.19,74,366,0,2
2020,03.20,191,557,5,3
2020,03.21,126,683,5,3
2020,03.22,102,785,5,3
2020,03.23,121,906,5,4
2020,03.24,219,1125,5,6
2020,03.25,204,1329,5,7
2020,03.26,235,1564,5,9
2020,03.27,255,1819,5,19
2020,03.28,302,2121,5,22
2020,03.29,294,2415,5,36
2020,03.30,200,2615,5,46
2020,03.31,295,2910,5,54
2020,04.01,325,3235,5,71
2020,04.02,212,3447,5,85
2020,04.03,402,3849,5,98
2020,04.04,424,4273,25,120
2020,04.05,331,4604,25,137
2020,04.06,390,4994,25,158
2020,04.07,370,5364,25,174
2020,04.08,345,5709,25,210
2020,04.09,365,6074,25,235
2020,04.10,500,6574,25,263
2020,04.11,1515,8089,25,287
2020,04.12,839,8928,25,320
2020,04.13,727,9655,25,334
2020,04.14,992,10647,25,365
2020,04.15,832,11479,77,406
2020,04.16,1068,12547,77,444
2020,04.17,724,13271,77,486
2020,04.18,709,13980,77,530
2020,04.19,778,14758,77,571
2020,04.20,493,15251,77,610
2020,04.21,401,15652,77,687
2020,04.22,388,16040,9233,730
2020,04.23,631,16671,9233,769
2020,04.24,936,17607,9233,794
2020,04.25,577,18184,9233,1014
2020,04.26,377,18561,9233,1063
2020,04.27,701,19262,9233,1087
2020,04.28,386,19648,9233,1102
2020,04.29,229,19877,9233,1159
2020,04.30,376,20253,13386,1190
2020,05.01,359,20612,13386,1232
2020,05.02,221,20833,13386,1265
2020,05.03,343,21176,13386,1286
2020,05.04,330,21506,13386,1303
2020,05.05,266,21772,13386,1319
2020,05.06,211,21983,13386,1339
2020,05.07,265,22248,17110,1375
2020,05.08,137,22385,17110,1403
2020,05.09,156,22541,17110,1429
2020,05.10,219,22760,17110,1446
2020,05.11,236,22996,17110,1458
2020,05.12,139,23135,17110,1467
2020,05.13,107,23242,17110,1488
2020,05.14,159,23401,19470,1497
2020,05.15,426,23827,19470,1506
2020,05.16,129,23956,19470,1518
2020,05.17,92,24048,19470,1533
2020,05.18,64,24112,19470,1543
2020,05.19,88,24200,19470,1547
2020,05.20,51,24251,19470,1561
2020,05.21,64,24315,21060,1571
2020,05.22,76,24391,21060,1583
2020,05.23,115,24506,21060,1592
2020,05.24,76,24582,21060,1604
2020,05.25,57,24639,21060,1608
2020,05.26,59,24698,21060,1606
2020,05.27,37,24735,21060,1615
2020,05.28,68,24803,22089,1631
2020,05.29,38,24841,22089,1639
2020,05.30,35,24876,22089,1645
2020,05.31,53,24929,22089,1651
2020,06.01,61,24990,22089,1652
2020,06.02,72,25062,22089,1650
2020,06.03,4,25066,22089,1658
2020,06.04,45,25111,22698,1659
2020,06.05,31,25142,22698,1664
2020,06.06,21,25163,22698,1670
2020,06.07,20,25183,22698,1678
2020,06.08,18,25201,22698,1679
2020,06.09,6,25207,22698,1683
2020,06.10,8,25215,22698,1691
2020,06.11,16,25231,22698,1695
2020,06.12,7,25238,22698,1703
2020,06.13,12,25250,22698,1705
2020,06.14,45,25295,22698,1705
2020,06.15,8,25303,22698,1706
2020,06.16,18,25321,22698,1706
2020,06.17,13,25334,22698,1709
2020,06.18,7,25341,22698,1710
2020,06.19,14,25355,22698,1714
2020,06.20,13,25368,22698,1714
2020,06.21,6,25374,22698,1715
2020,06.22,5,25379,22698,1715
2020,06.23,4,25383,22698,1717
2020,06.24,8,25391,22698,1720
2020,06.25,5,25396,23364,1726
2020,06.26,9,25405,23364,1727
2020,06.27,9,25414,23364,1730
2020,06.28,23,25437,23364,1734
2020,06.29,2,25439,23364,1735
2020,06.30,23,25462,23364,1735
2020,07.01,11,25473,23364,1736
2020,07.02,4,25477,23364,1738
2020,07.03,12,25489,23364,1738
2020,07.04,9,25498,23364,1740
2020,07.05,11,25509,23364,1741
2020,07.06,18,25527,23364,1741
2020,07.07,4,25531,23364,1741
2020,07.08,7,25538,23364,1742
2020,07.09,4,25542,23364,1738
2020,07.10,23,25565,23364,1743
2020,07.11,24,25589,23364,1744
2020,07.12,22,25611,23364,1746
2020,07.13,17,25628,23364,1746
2020,07.14,10,25638,23364,1746
2020,07.15,32,25670,23364,1746
2020,07.16,13,25683,23364,1748
2020,07.17,15,25698,23364,1749
2020,07.18,32,25730,23364,1752
2020,07.19,20,25750,23364,1753
2020,07.20,10,25760,23364,1753
2020,07.21,6,25766,23364,1753
2020,07.22,36,25802,23364,1753
2020,07.23,17,25819,23364,1754
2020,07.24,7,25826,23364,1763
2020,07.25,19,25845,23364,1763
2020,07.26,24,25869,23364,1764
2020,07.27,12,25881,23364,1764
2020,07.28,11,25892,23364,1764
2020,07.29,37,25929,23364,1764
2020,07.30,13,25942,23364,1764
2020,07.31,85,26027,23364,1763
2020,08.01,38,26065,23364,1763
2020,08.02,44,26109,23364,1763
2020,08.03,53,26162,23364,1763
2020,08.04,46,26208,23364,1763
2020,08.05,45,26253,23364,1763
2020,08.06,50,26303,23364,1763
2020,08.07,69,26372,23364,1768
2020,08.08,98,26470,23364,1772
2020,08.09,174,26644,23364,1772
2020,08.10,68,26712,23364,1772
2020,08.11,56,26768,23364,1772
2020,08.12,33,26801,23364,1773
2020,08.13,37,26838,23364,1774
2020,08.14,91,26929,23364,1774
2020,08.15,66,26995,23364,1774
2020,08.16,196,27191,23364,1774
2020,08.17,66,27257,23364,1774
2020,08.18,56,27313,23364,1774
2020,08.19,186,27499,23364,1775
2020,08.20,48,27547,23364,1775
2020,08.21,129,27676,23364,1776
2020,08.22,79,27755,23364,1776
2020,08.23,153,27908,23364,1777
2020,08.24,61,27969,23364,1777
2020,08.25,147,28116,23364,1777
2020,08.26,85,28201,23364,1777
2020,08.27,162,28363,23364,1777
2020,08.28,90,28453,23364,1777
2020,08.29,125,28578,23364,1777
2020,08.30,142,28720,23364,1777
2020,08.31,40,28760,23364,1777
2020,09.01,51,28811,23364,1777
2020,09.02,214,29025,23364,1777
2020,09.03,89,29114,23364,1777
2020,09.04,92,29206,23364,1777
2020,09.05,97,29303,23364,1777
2020,09.06,231,29534,23364,1777
2020,09.07,138,29672,23364,1777
2020,09.08,102,29774,23364,1777
2020,09.09,306,30080,23364,1778
2020,09.10,84,30164,23364,1781
2020,09.11,196,30360,23364,1781
2020,09.12,211,30571,23364,1781
2020,09.13,159,30730,23364,1783
2020,09.14,255,30985,23364,1784
2020,09.15,207,31192,23364,1784
2020,09.16,357,31549,23364,1787
2020,09.17,250,31799,23364,1788
2020,09.18,224,32023,23364,1789
2020,09.19,248,32271,23364,1792
2020,09.20,267,32538,23364,1792
2020,09.21,395,32933,23364,1792
2020,09.22,188,33121,23364,1792
2020,09.23,323,33444,23364,1792
2020,09.24,231,33675,23364,1794
2020,09.25,319,33994,23364,1797
2020,09.26,321,34315,23364,1797
2020,09.27,245,34560,23364,1802
2020,09.28,430,34990,23364,1802
2020,09.29,387,35377,23364,1802
2020,09.30,363,35740,23364,1803
2020,10.01,415,36155,23364,1804
2020,10.02,442,36597,23364,1806
2020,10.03,466,37063,23364,1801
2020,10.04,605,37668,23364,1810
2020,10.05,364,38032,23364,1810
2020,10.06,517,38549,23364,1810
2020,10.07,424,38973,23364,1811
2020,10.08,611,39584,23364,1816
2020,10.09,502,40086,23364,1817
2020,10.10,617,40703,23364,1821
2020,10.11,1011,41714,23364,1824
2020,10.12,814,42528,23364,1826
2020,10.13,823,43351,23364,1827
2020,10.14,808,44159,23364,1830
2020,10.15,1084,45243,23364,1835
2020,10.16,1186,46429,23364,1838
2020,10.17,998,47427,23364,1841
2020,10.18,1251,48678,23364,1849
2020,10.19,1284,49962,23364,1852
2020,10.20,1031,50993,23364,1852
2020,10.21,1263,52256,23364,1865
2020,10.22,1166,53422,23364,1868
2020,10.23,1054,54476,23364,1871
2020,10.24,785,55261,23364,1878
2020,10.25,847,56108,23364,1882
2020,10.26,1020,57128,23364,1882
2020,10.27,939,58067,23364,1885
2020,10.28,700,58767,23364,1890
2020,10.29,667,59434,23364,1896
2020,10.30,863,60297,23364,1902
2020,10.31,762,61059,23364,1908
2020,11.01,397,61456,23364,1913
2020,11.02,546,62002,23364,1915
2020,11.03,748,62750,23364,1917
2020,11.04,298,63048,23364,1922
2020,11.05,435,63483,23364,1930
2020,11.06,563,64046,23364,1933
2020,11.07,492,64538,23364,1940
2020,11.08,317,64855,23364,1945
2020,11.09,539,65394,23364,1947
2020,11.10,265,65659,23364,1948
2020,11.11,230,65889,23364,1963
2020,11.12,358,66247,23364,1965
2020,11.13,385,66632,23364,1965
2020,11.14,467,67099,23364,1972
2020,11.15,427,67526,23364,1978
2020,11.16,377,67903,23364,1979
2020,11.17,453,68356,23364,1984
2020,11.18,330,68686,23364,1995
2020,11.19,372,69058,23364,2006
2020,11.20,415,69473,23364,2010
2020,11.21,329,69802,23364,2018
2020,11.22,341,70143,23364,2022
2020,11.23,318,70461,23364,2023
2020,11.24,250,70711,23364,2023
2020,11.25,219,70930,23364,2028
2020,11.26,257,71187,23364,2033
2020,11.27,307,71494,23364,2036
2020,11.28,205,71699,23364,2043
2020,11.29,243,71942,23364,2050
2020,11.30,299,72241,23364,2052
2020,12.01,303,72544,23364,2053
2020,12.02,254,72798,23364,2069
2020,12.03,268,73066,23364,2074
2020,12.04,162,73228,23364,2080
2020,12.05,263,73491,23364,2086
2020,12.06,457,73948,23364,2099
2020,12.07,298,74246,23364,2099
2020,12.08,222,74468,23364,2099
2020,12.09,214,74682,23364,2097
2020,12.10,218,74900,23364,2102
2020,12.11,303,75203,23364,2117
2020,12.12,304,75507,23364,2120
2020,12.13,249,75756,23364,2123
2020,12.14,429,76185,23364,2124
2020,12.15,264,76449,23364,2126
2020,12.16,327,76776,23364,2134
2020,12.17,421,77197,23364,2140
2020,12.18,481,77678,23364,2143
2020,12.19,576,78254,23364,2149
2020,12.20,522,78776,23364,2154
2020,12.21,766,79542,23364,2158
2020,12.22,725,80267,23364,2158
2020,12.23,961,81228,23364,2171
2020,12.24,927,82155,23364,2184
2020,12.25,918,83073,23364,2192
2020,12.26,1025,84098,23364,2194
2020,12.27,1296,85394,23364,2200
2020,12.28,735,86129,23364,2204
2020,12.29,765,86894,23364,2205
2020,12.30,1545,88439,23364,2213
2020,12.31,1718,90157,23364,2226
2021,01.01,1622,91779,23364,2237
2021,01.02,1753,93532,23364,2248
2021,01.03,3394,96926,23364,2252
2021,01.04,4961,101887,23364,2259
2021,01.05,6110,107997,23364,2265
2021,01.06,5325,113322,23364,2282
2021,01.07,7832,121154,23364,2299
2021,01.08,6503,127657,23364,2307
2021,01.09,8227,135884,23364,2327
2021,01.10,4843,140727,23364,2336
2021,01.11,6886,147613,23364,2344
2021,01.12,4926,152539,23364,2352
2021,01.13,3052,155591,23364,2397
2021,01.14,3553,159144,23364,2460
2021,01.15,3913,163057,23364,2488
2021,01.16,3491,166548,23364,2536
2021,01.17,3232,169780,23364,2595
2021,01.18,2946,172726,23364,2608
2021,01.19,2117,174843,23364,2616
2021,01.20,1996,176839,23364,2708
2021,01.21,2485,179324,23364,2768
2021,01.22,2598,181922,23364,2818
2021,01.23,2357,184279,23364,2870
2021,01.24,1905,186184,23364,2947
2021,01.25,1370,187554,23364,2970
2021,01.26,1369,188923,23364,2977
2021,01.27,928,189851,23364,3066
2021,01.28,1331,191182,23364,3120
2021,01.29,2463,193645,23364,3167
2021,01.30,247,193892,23364,3214
2021,01.31,1411,195303,23364,3292
2021,02.01,1244,196547,23364,3307
2021,02.02,1006,197553,23364,3317
2021,02.03,871,198424,23364,3418
2021,02.04,1006,199430,23364,3512
2021,02.05,1314,200744,23364,3586
2021,02.06,1019,201763,23364,3621
2021,02.07,785,202548,23364,3674
2021,02.08,1020,203568,23364,3686
2021,02.09,829,204397,23364,3687
2021,02.10,543,204940,23364,3752
2021,02.11,999,205939,23364,3794
2021,02.12,862,206801,23364,3846
2021,02.13,919,207720,23364,3865
2021,02.14,1076,208796,23364,3931
2021,02.15,786,209582,23364,3948
2021,02.16,820,210402,23364,3948
2021,02.17,711,211113,23364,3980
2021,02.18,638,211751,23364,4036
2021,02.19,896,212647,23364,4082
2021,02.20,753,213400,23364,4109
2021,02.21,978,214378,23364,4135
2021,02.22,679,215057,23364,4136
2021,02.23,686,215743,23364,4137
2021,02.24,557,216300,23364,4181
2021,02.25,540,216840,23364,4237
2021,02.26,638,217478,23364,4271
2021,02.27,773,218251,23364,4300
2021,02.28,729,218980,23364,4313
2021,03.01,612,219592,23364,4319
2021,03.02,681,220273,23364,4319
2021,03.03,357,220630,23364,4333
2021,03.04,559,221189,23364,4357
2021,03.05,460,221649,23364,4396
2021,03.06,520,222169,23364,4405
2021,03.07,530,222699,23364,4419
2021,03.08,520,223219,23364,4422
2021,03.09,432,223651,23364,4422
2021,03.10,306,223957,23364,4452
2021,03.11,631,224588,23364,4499
2021,03.12,591,225179,23364,4509
2021,03.13,641,225820,23364,4518
2021,03.14,538,226358,23364,4534
2021,03.15,383,226741,23364,4534
2021,03.16,575,227316,23364,4534
2021,03.17,347,227663,23364,4552
2021,03.18,552,228215,23364,4566
2021,03.19,581,228796,23364,4566
2021,03.20,510,229306,23364,4576
2021,03.21,525,229831,23364,4585
2021,03.22,768,230599,23364,4587
2021,03.23,520,231119,23364,4588
2021,03.24,365,231484,23364,4610
2021,03.25,680,232164,23364,4628
2021,03.26,594,232758,23364,4631
2021,03.27,569,233327,23364,4651
2021,03.28,610,233937,23364,4653
2021,03.29,604,234541,23364,4666
2021,03.30,0,234541,23364,4666
2021,03.31,1313,235854,23364,4687
2021,04.01,0,235854,23364,4687
2021,04.02,1333,237187,23364,4713
2021,04.03,508,237695,23364,4715
2021,04.04,0,237695,23364,4715
2021,04.05,453,238148,23364,4718
2021,04.06,318,238466,23364,4718
2021,04.07,441,238907,23364,4727
2021,04.08,418,239325,23364,4732
2021,04.09,398,239723,23364,4737
2021,04.10,469,240192,23364,4769
2021,04.11,753,240945,23364,4785
2021,04.12,0,240945,23364,4785
2021,04.13,385,241330,23364,4785
2021,04.14,354,241684,23364,4803
2021,04.15,421,242105,23364,4812
2021,04.16,297,242402,23364,4820
2021,04.17,417,242819,23364,4831
2021,04.18,419,243238,23364,4835
2021,04.19,270,243508,23364,4836
2021,04.20,403,243911,23364,4836
2021,04.21,386,244297,23364,4847
2021,04.22,398,244695,23364,4856
2021,04.23,615,245310,23364,4866
2021,04.24,894,246204,23364,4872
2021,04.25,429,246633,23364,4873
2021,04.26,0,246633,23364,4873
2021,04.27,436,247069,23364,4874
2021,04.28,420,247489,23364,4884
2021,04.29,368,247857,23364,4896
2021,04.30,1013,248870,23364,4903
2021,05.01,0,248870,23364,4903
2021,05.02,567,249437,23364,4906
2021,05.03,401,249838,23364,4906
2021,05.04,452,250290,23364,4906
2021,05.05,382,250672,23364,4908
2021,05.06,415,251087,23364,4915
2021,05.07,817,251904,23364,4918
2021,05.08,0,251904,23364,4918
2021,05.09,399,252303,23364,4919
2021,05.10,506,252809,23364,4921
2021,05.11,380,253189,23364,4921
2021,05.12,378,253567,23364,4929
2021,05.13,446,254013,23364,4937
2021,05.14,857,254870,23364,4941
2021,05.15,0,254870,23364,4941
2021,05.16,0,254870,23364,4941
2021,05.17,0,254870,23364,4941
2021,05.18,0,254870,23364,4941
2021,05.19,0,254870,23364,4941
2021,05.20,0,254870,23364,4941
2021,05.21,0,254870,23364,4941
2021,05.22,0,254870,23364,4941
2021,05.23,0,254870,23364,4941
2021,05.24,0,254870,23364,4941
2021,05.25,0,254870,23364,4941
2021,05.26,0,254870,23364,4941
2021,05.27,0,254870,23364,4941
2021,05.28,0,254870,23364,4941
2021,05.29,0,254870,23364,4941
2021,05.30,0,254870,23364,4941
2021,05.31,0,254870,23364,4941
2021,06.01,0,254870,23364,4941
2021,06.02,0,254870,23364,4941
2021,06.03,7917,262787,23364,4941
2021,06.04,465,263252,23364,4941
2021,06.05,517,263769,23364,4941
2021,06.06,729,264498,23364,4941
2021,06.07,377,264875,23364,4941
2021,06.08,0,264875,23364,4941
2021,06.09,239,265114,23364,4941
2021,06.10,227,265341,23364,4941
2021,06.11,398,265739,23364,4941
2021,06.12,750,266489,23364,4941
2021,06.13,0,266489,23364,4941
2021,06.14,315,266804,23364,4941
2021,06.15,202,267006,23364,4941
2021,06.16,283,267289,23364,4941
2021,06.17,287,267576,23364,4941
2021,06.18,373,267949,23364,4979
2021,06.19,695,268644,23364,4979
2021,06.20,393,269037,23364,4979
2021,06.21,0,269037,23364,4979
2021,06.22,284,269321,23364,4979
2021,06.23,174,269495,23364,4979
2021,06.24,298,269793,23364,4989
2021,06.25,304,270097,23364,4989
2021,06.26,823,270920,23364,4989
2021,06.27,340,271260,23364,4989
2021,06.28,0,271260,23364,4989
2021,06.29,329,271589,23364,4989
2021,06.30,342,271931,23364,4989
2021,07.01,405,272336,23364,4998
2021,07.02,448,272784,23364,5000
2021,07.03,512,273296,23364,5000
2021,07.04,1010,274306,23364,5000
2021,07.05,0,274306,23364,5000
2021,07.06,335,274641,23364,5000
2021,07.07,397,275038,23364,5000
2021,07.08,533,275571,23364,5006
2021,07.09,533,276104,23364,5006
2021,07.10,631,276735,23364,5006
2021,07.11,581,277316,23364,5006
2021,07.12,576,277892,23364,5006
2021,07.13,572,278464,23364,5006
2021,07.14,589,279053,23364,5006
2021,07.15,737,279790,23364,5018
2021,07.16,994,280784,23364,5018
2021,07.17,1170,281954,23364,5018
2021,07.18,2556,284510,23364,5018
2021,07.19,0,284510,23364,5018
2021,07.20,1071,285581,23364,5018
2021,07.21,1110,286691,23364,5018
2021,07.22,1260,287951,23364,5026
2021,07.23,1188,289139,23364,5026
2021,07.24,1386,290525,23364,5026
2021,07.25,1345,291870,23364,5026
2021,07.26,1126,292996,23364,5026
2021,07.27,1276,294272,23364,5026
2021,07.28,2415,296687,23364,5035
2021,07.29,0,296687,23364,5035
2021,07.30,1361,298048,23364,5035
2021,07.31,1501,299549,23364,5035
2021,08.01,2525,302074,23364,5035
2021,08.02,1352,303426,23364,5035
2021,08.03,0,303426,23364,5035
2021,08.04,884,304310,23364,5035
2021,08.05,1217,305527,23364,5044
2021,08.06,1492,307019,23364,5044
2021,08.07,0,307019,23364,5044
2021,08.08,3609,310628,23364,5044
2021,08.09,1837,312465,23364,5044
2021,08.10,1411,313876,23364,5044
2021,08.11,1509,315385,23364,5044
2021,08.12,1819,317204,23364,5059
2021,08.13,1733,318937,23364,5059
2021,08.14,1978,320915,23364,5059
2021,08.15,2074,322989,23364,5059
2021,08.16,1758,324747,23364,5059
2021,08.17,1441,326188,23364,5059
2021,08.18,1496,327684,23364,5059
2021,08.19,1704,329388,23364,5074
2021,08.20,1818,331206,23364,5074
2021,08.21,2098,333304,23364,5074
2021,08.22,2125,335429,23364,5074
2021,08.23,1688,337117,23364,5074
2021,08.24,1590,338707,23364,5074
2021,08.25,1571,340278,23364,5074
2021,08.26,2051,342329,23364,5092
2021,08.27,1866,344195,23364,5092
2021,08.28,3872,348067,23364,5092
