year,date,confirm_add,confirm,heal,dead
2020,03.21,0,16,2,1
2020,03.22,0,16,2,1
2020,03.23,3,19,2,1
2020,03.24,2,21,2,1
2020,03.25,4,25,2,1
2020,03.26,1,26,2,1
2020,03.27,0,26,2,1
2020,03.28,4,30,2,1
2020,03.29,2,32,2,1
2020,03.30,2,34,2,1
2020,03.31,2,36,2,1
2020,04.01,2,38,2,2
2020,04.02,6,44,2,3
2020,04.03,3,47,2,3
2020,04.04,6,53,7,3
2020,04.05,2,55,7,3
2020,04.06,3,58,8,3
2020,04.07,1,59,8,3
2020,04.08,4,63,10,3
2020,04.09,0,63,10,4
2020,04.10,0,63,13,4
2020,04.11,2,65,13,4
2020,04.12,4,69,13,4
2020,04.13,3,72,16,4
2020,04.14,1,73,19,4
2020,04.15,32,105,21,5
2020,04.16,20,125,21,5
2020,04.17,18,143,25,5
2020,04.18,20,163,25,5
2020,04.19,10,173,25,5
2020,04.20,23,196,27,5
2020,04.21,27,223,27,6
2020,04.22,10,233,27,6
2020,04.23,19,252,28,6
2020,04.24,5,257,28,6
2020,04.25,31,288,28,7
2020,04.26,17,305,28,7
2020,04.27,45,350,28,7
2020,04.28,14,364,29,7
2020,04.29,17,381,29,7
2020,04.30,15,396,29,7
2020,05.01,26,422,29,8
2020,05.02,10,432,31,8
2020,05.03,0,432,31,8
2020,05.04,37,469,38,9
2020,05.05,2,471,49,9
2020,05.06,2,473,56,9
2020,05.07,5,478,57,9
2020,05.08,10,488,58,9
2020,05.09,2,490,62,9
2020,05.10,8,498,78,9
2020,05.11,4,502,90,9
2020,05.12,3,505,90,9
2020,05.13,2,507,100,9
2020,05.14,2,509,113,9
2020,05.15,0,509,118,9
2020,05.16,2,511,121,9
2020,05.17,6,517,121,9
2020,05.18,3,520,127,9
2020,05.19,0,520,131,9
2020,05.20,0,520,145,9
2020,05.21,9,529,171,9
2020,05.22,5,534,181,9
2020,05.23,10,544,191,9
2020,05.24,6,550,200,9
2020,05.25,2,552,211,9
2020,05.26,4,556,238,9
2020,05.27,8,564,267,9
2020,05.28,5,569,279,9
2020,05.29,0,569,284,9
2020,05.30,6,575,289,9
2020,05.31,6,581,290,9
2020,06.01,5,586,311,9
2020,06.02,2,588,322,9
2020,06.03,0,588,322,9
2020,06.04,3,591,361,10
2020,06.05,0,591,368,10
2020,06.06,4,595,385,10
2020,06.07,1,596,404,10
2020,06.08,2,598,405,10
2020,06.09,1,599,405,10
2020,06.10,6,605,405,10
2020,06.11,0,605,407,10
2020,06.12,6,611,408,10
2020,06.13,3,614,417,10
2020,06.14,1,615,420,10
2020,06.15,2,617,420,10
2020,06.16,4,621,430,10
2020,06.17,0,621,449,10
2020,06.18,5,626,451,10
2020,06.19,12,638,458,10
2020,06.20,14,652,458,10
2020,06.21,5,657,462,10
2020,06.22,2,659,516,10
2020,06.23,6,665,516,10
2020,06.24,5,670,518,10
2020,06.25,8,678,521,10
2020,06.26,6,684,526,10
2020,06.27,2,686,539,10
2020,06.28,4,690,552,10
2020,06.29,6,696,552,10
2020,06.30,2,698,553,10
2020,07.01,4,702,553,10
2020,07.02,5,707,555,10
2020,07.03,8,715,560,10
2020,07.04,6,721,565,10
2020,07.05,7,728,569,10
2020,07.06,4,732,584,10
2020,07.07,5,737,591,10
2020,07.08,8,745,599,10
2020,07.09,6,751,600,10
2020,07.10,2,753,603,10
2020,07.11,0,753,605,10
2020,07.12,5,758,615,10
2020,07.13,0,758,620,10
2020,07.14,1,759,628,10
2020,07.15,3,762,643,10
2020,07.16,1,763,647,10
2020,07.17,2,765,647,10
2020,07.18,3,768,678,10
2020,07.19,6,774,679,10
2020,07.20,16,790,693,10
2020,07.21,19,809,706,10
2020,07.22,1,810,709,10
2020,07.23,6,816,710,10
2020,07.24,5,821,711,10
2020,07.25,10,831,711,10
2020,07.26,6,837,711,10
2020,07.27,5,842,714,10
2020,07.28,11,853,714,10
2020,07.29,2,855,724,10
2020,07.30,1,856,724,10
2020,07.31,8,864,724,10
2020,08.01,14,878,726,10
2020,08.02,5,883,743,10
2020,08.03,11,894,743,12
2020,08.04,11,905,743,12
2020,08.05,15,920,745,12
2020,08.06,8,928,745,12
2020,08.07,30,958,745,12
2020,08.08,29,987,745,13
2020,08.09,16,1003,745,13
2020,08.10,20,1023,745,14
2020,08.11,8,1031,745,14
2020,08.12,16,1047,753,14
2020,08.13,18,1065,753,14
2020,08.14,6,1071,754,14
2020,08.15,11,1082,761,14
2020,08.16,24,1106,761,14
2020,08.17,7,1113,764,14
2020,08.18,16,1129,764,14
2020,08.19,17,1146,770,14
2020,08.20,46,1192,772,14
2020,08.21,98,1290,788,15
2020,08.22,56,1346,788,16
2020,08.23,67,1413,817,16
2020,08.24,116,1529,819,16
2020,08.25,83,1612,819,16
2020,08.26,120,1732,840,19
2020,08.27,72,1804,846,19
2020,08.28,66,1870,846,19
2020,08.29,141,2011,888,19
2020,08.30,102,2113,890,20
2020,08.31,244,2357,890,21
2020,09.01,102,2459,890,21
2020,09.02,224,2683,898,24
2020,09.03,139,2822,900,27
2020,09.04,74,2896,921,29
2020,09.05,68,2964,922,30
2020,09.06,60,3024,950,32
2020,09.07,79,3103,958,33
2020,09.08,80,3183,974,34
2020,09.09,140,3323,992,36
2020,09.10,114,3437,1019,38
2020,09.11,74,3511,1019,40
2020,09.12,0,3511,1019,40
2020,09.13,112,3623,1072,40
2020,09.14,148,3771,1149,42
2020,09.15,162,3933,1161,44
2020,09.16,109,4042,1163,46
2020,09.17,122,4164,1180,46
2020,09.18,210,4374,1225,51
2020,09.19,197,4571,1264,55
2020,09.20,187,4758,1327,60
2020,09.21,385,5143,1407,70
2020,09.22,0,5143,1407,70
2020,09.23,252,5395,1444,76
2020,09.24,193,5588,1490,77
2020,09.25,135,5723,1496,80
2020,09.26,131,5854,1624,88
2020,09.27,163,6017,1706,89
2020,09.28,0,6017,1706,89
2020,09.29,391,6408,1770,101
2020,09.30,74,6482,1867,107
2020,10.01,73,6555,1991,111
2020,10.02,149,6704,2112,116
2020,10.03,91,6795,2345,119
2020,10.04,0,6795,2345,119
2020,10.05,217,7012,2635,120
2020,10.06,97,7109,2674,123
2020,10.07,82,7191,2700,126
2020,10.08,82,7273,2732,128
2020,10.09,90,7363,3102,132
2020,10.10,196,7559,3142,138
2020,10.11,0,7559,3142,138
2020,10.12,254,7813,3237,146
2020,10.13,97,7910,3303,146
2020,10.14,79,7989,3431,151
2020,10.15,78,8067,3481,160
2020,10.16,65,8132,3653,162
2020,10.17,63,8195,3653,168
2020,10.18,79,8274,3859,171
2020,10.19,47,8321,3951,173
2020,10.20,53,8374,4002,174
2020,10.21,71,8445,4016,174
2020,10.22,155,8600,4095,179
2020,10.23,38,8638,4156,182
2020,10.24,32,8670,4209,186
2020,10.25,0,8670,4209,186
2020,10.26,79,8749,4303,192
2020,10.27,38,8787,4347,196
2020,10.28,0,8787,4347,196
2020,10.29,64,8851,4379,198
2020,10.30,154,9005,4442,205
2020,10.31,0,9005,4442,205
2020,11.01,89,9094,4510,206
2020,11.02,163,9257,4637,210
2020,11.03,39,9296,4666,214
2020,11.04,30,9326,4704,215
2020,11.05,47,9373,4745,217
2020,11.06,0,9373,4745,217
2020,11.07,99,9472,4878,218
2020,11.08,34,9506,4934,221
2020,11.09,0,9506,4934,221
2020,11.10,36,9542,4952,221
2020,11.11,31,9573,4987,224
2020,11.12,61,9634,5043,225
2020,11.13,89,9723,5168,227
2020,11.14,57,9780,5228,229
2020,11.15,0,9780,5228,229
2020,11.16,104,9884,5248,231
2020,11.17,75,9959,5338,231
2020,11.18,0,9959,5369,233
2020,11.19,129,10088,5407,235
2020,11.20,0,10088,5407,235
2020,11.21,63,10151,5432,235
2020,11.22,89,10240,5481,237
2020,11.23,103,10343,5518,239
2020,11.24,79,10422,5572,243
2020,11.25,0,10422,5572,243
2020,11.26,66,10488,5623,247
2020,11.27,112,10600,5829,250
2020,11.28,69,10669,5953,251
2020,11.29,0,10669,5953,251
2020,11.30,94,10763,6219,257
2020,12.01,0,10763,6219,257
2020,12.02,101,10864,6500,258
2020,12.03,0,10864,6614,259
2020,12.04,47,10911,6730,260
2020,12.05,152,11063,6866,261
2020,12.06,0,11063,6866,261
2020,12.07,121,11184,7146,265
2020,12.08,87,11271,7292,265
2020,12.09,0,11271,7390,266
2020,12.10,98,11369,7522,270
2020,12.11,140,11509,7667,270
2020,12.12,0,11509,7667,270
2020,12.13,201,11710,7954,273
2020,12.14,0,11710,8098,273
2020,12.15,165,11875,8212,276
2020,12.16,32,11907,8371,276
2020,12.17,0,11907,8371,276
2020,12.18,61,11968,8668,283
2020,12.19,71,12039,8812,285
2020,12.20,96,12135,8966,286
2020,12.21,154,12289,9113,286
2020,12.22,65,12354,9266,288
2020,12.23,69,12423,9416,290
2020,12.24,0,12423,9416,290
2020,12.25,96,12519,9579,292
2020,12.26,165,12684,9881,294
2020,12.27,39,12723,10019,295
2020,12.28,0,12723,10019,295
2020,12.29,9,12732,10161,298
2020,12.30,61,12793,10319,302
2020,12.31,34,12827,10383,302
2021,01.01,0,12827,10383,302
2021,01.02,104,12931,10679,303
2021,01.03,118,13049,10833,304
2021,01.04,0,13049,10833,304
2021,01.05,197,13246,11106,305
2021,01.06,84,13330,11182,306
2021,01.07,0,13330,11182,306
2021,01.08,38,13368,11253,306
2021,01.09,43,13411,11323,307
2021,01.10,44,13455,11379,311
2021,01.11,93,13548,11506,313
2021,01.12,212,13760,11526,315
2021,01.13,92,13852,11568,317
2021,01.14,0,13852,11568,317
2021,01.15,63,13915,11592,322
2021,01.16,77,13992,11630,323
2021,01.17,169,14161,11709,324
2021,01.18,113,14274,11727,326
2021,01.19,145,14419,11743,329
2021,01.20,0,14419,11743,329
2021,01.21,68,14487,11777,331
2021,01.22,63,14550,11833,331
2021,01.23,108,14658,11833,332
2021,01.24,114,14772,11850,336
2021,01.25,240,15012,11889,338
2021,01.26,0,15012,11889,338
2021,01.27,229,15241,11942,342
2021,01.28,0,15241,11942,342
2021,01.29,221,15462,11981,345
2021,01.30,0,15462,11981,345
2021,01.31,191,15653,12043,350
2021,02.01,125,15778,12068,352
2021,02.02,195,15973,12108,353
2021,02.03,0,15973,12108,353
2021,02.04,100,16073,12137,355
2021,02.05,177,16250,12174,355
2021,02.06,263,16513,12174,357
2021,02.07,328,16841,12225,357
2021,02.08,244,17085,12271,358
2021,02.09,213,17298,12318,358
2021,02.10,403,17701,12362,359
2021,02.11,536,18237,12456,363
2021,02.12,0,18237,12456,363
2021,02.13,290,18527,12504,368
2021,02.14,303,18830,12545,372
2021,02.15,205,19035,12593,374
2021,02.16,270,19305,12635,378
2021,02.17,468,19773,12684,378
2021,02.18,243,20016,12735,381
2021,02.19,294,20310,12781,384
2021,02.20,271,20581,12828,391
2021,02.21,343,20924,12883,391
2021,02.22,458,21382,12931,396
2021,02.23,297,21679,12988,399
2021,02.24,147,21826,13046,405
2021,02.25,441,22267,13173,410
2021,02.26,204,22471,13231,413
2021,02.27,346,22817,13318,417
2021,02.28,0,22817,13318,417
2021,03.01,446,23263,13410,422
2021,03.02,336,23599,13502,425
2021,03.03,239,23838,13625,432
2021,03.04,265,24103,13745,435
2021,03.05,341,24444,13869,436
2021,03.06,859,25303,14159,446
2021,03.07,0,25303,14159,446
2021,03.08,723,26026,14301,453
2021,03.09,878,26904,14447,454
2021,03.10,561,27465,14595,460
2021,03.11,808,28273,14645,463
2021,03.12,695,28968,14781,475
2021,03.13,419,29387,14912,480
2021,03.14,525,29912,15059,484
2021,03.15,587,30499,15139,485
2021,03.16,806,31305,15253,492
2021,03.17,602,31907,15371,494
2021,03.18,821,32728,15473,507
2021,03.19,638,33366,15615,511
2021,03.20,604,33970,15810,519
2021,03.21,695,34665,15939,524
2021,03.22,673,35338,16130,533
2021,03.23,558,35896,16309,536
2021,03.24,335,36231,16490,542
2021,03.25,439,36670,16618,545
2021,03.26,458,37128,16739,546
2021,03.27,330,37458,16848,557
2021,03.28,289,37747,17197,570
2021,03.29,480,38227,17197,570
2021,03.30,0,38227,17197,570
2021,03.31,0,38227,17197,570
2021,04.01,1010,39237,17598,596
2021,04.02,306,39543,17725,599
2021,04.03,424,39967,17861,607
2021,04.04,482,40449,18014,613
2021,04.05,214,40663,18149,615
2021,04.06,350,41013,18297,618
2021,04.07,315,41328,18444,622
2021,04.08,72,41400,18444,631
2021,04.09,204,41604,18566,646
2021,04.10,239,41843,18690,661
2021,04.11,276,42119,18785,669
2021,04.12,381,42500,18896,672
2021,04.13,263,42763,19017,676
2021,04.14,161,42924,19136,682
2021,04.15,130,43054,19248,692
2021,04.16,186,43240,19369,697
2021,04.17,233,43473,19472,713
2021,04.18,211,43684,19599,721
2021,04.19,206,43890,19710,723
2021,04.20,246,44136,19832,727
2021,04.21,118,44254,19962,738
2021,04.22,83,44337,20070,744
2021,04.23,165,44502,20170,751
2021,04.24,140,44642,20275,752
2021,04.25,225,44867,20391,756
2021,04.26,137,45004,20519,760
2021,04.27,141,45145,20626,761
2021,04.28,67,45212,20729,767
2021,04.29,80,45292,20842,770
2021,04.30,122,45414,20945,770
2021,05.01,164,45578,21059,778
2021,05.02,199,45777,21153,779
2021,05.03,90,45867,21293,784
2021,05.04,172,46039,21487,790
2021,05.05,48,46087,21646,793
2021,05.06,107,46194,21779,794
2021,05.07,234,46428,22018,801
2021,05.08,0,46428,22018,801
2021,05.09,160,46588,22148,803
2021,05.10,120,46708,22268,806
2021,05.11,74,46782,22395,809
2021,05.12,39,46821,22517,814
2021,05.13,101,46922,22636,820
2021,05.14,98,47020,22761,834
2021,05.15,130,47150,22895,838
2021,05.16,83,47233,23013,843
2021,05.17,86,47319,23124,860
2021,05.18,77,47396,23281,863
2021,05.19,83,47479,23410,878
2021,05.20,93,47572,23530,892
2021,05.21,100,47672,23643,902
2021,05.22,104,47776,23742,904
2021,05.23,123,47899,23852,912
2021,05.24,60,47959,23986,917
2021,05.25,95,48054,24105,925
2021,05.26,27,48081,24226,931
2021,05.27,20,48101,24373,934
2021,05.28,79,48180,24528,935
2021,05.29,108,48288,24703,936
2021,05.30,179,48467,25054,945
2021,05.31,0,48467,25054,945
2021,06.01,90,48557,25298,948
2021,06.02,37,48594,25485,949
2021,06.03,44,48638,25485,951
2021,06.04,0,48638,25485,951
2021,06.05,172,48810,25936,960
2021,06.06,0,48810,25936,960
2021,06.07,0,48810,25936,960
2021,06.08,0,48810,25936,960
2021,06.09,0,48810,25936,960
2021,06.10,0,48810,25936,960
2021,06.11,0,48810,25936,960
2021,06.12,0,48810,25936,960
2021,06.13,422,49232,27365,996
2021,06.14,45,49277,27542,997
2021,06.15,79,49356,27732,1011
2021,06.16,23,49379,27919,1012
2021,06.17,50,49429,28054,1012
2021,06.18,74,49503,28182,1023
2021,06.19,61,49564,28333,1028
2021,06.20,43,49607,28465,1031
2021,06.21,61,49668,28620,1033
2021,06.22,44,49712,28793,1034
2021,06.23,23,49735,28935,1037
2021,06.24,60,49795,29130,1042
2021,06.25,46,49841,29322,1049
2021,06.26,68,49909,29456,1051
2021,06.27,55,49964,29647,1057
2021,06.28,41,50005,29830,1061
2021,06.29,49,50054,29953,1061
2021,06.30,26,50080,29957,1065
2021,07.01,44,50124,30074,1075
2021,07.02,42,50166,30192,1080
2021,07.03,76,50242,30270,1082
2021,07.04,0,50242,30270,1082
2021,07.05,0,50242,30270,1082
2021,07.06,147,50389,32604,1094
2021,07.07,34,50423,33699,1096
2021,07.08,33,50456,34764,1101
2021,07.09,41,50497,35777,1108
2021,07.10,71,50568,36882,1111
2021,07.11,61,50629,37918,1114
2021,07.12,91,50720,39000,1130
2021,07.13,37,50757,40029,1131
2021,07.14,36,50793,41090,1134
2021,07.15,55,50848,42122,1134
2021,07.16,65,50913,43157,1136
2021,07.17,70,50983,44207,1140
2021,07.18,69,51052,45282,1153
2021,07.19,83,51135,46316,1155
2021,07.20,85,51220,44609,1157
2021,07.21,62,51282,45969,1158
2021,07.22,126,51408,46751,1163
2021,07.23,134,51542,46773,1167
2021,07.24,144,51686,46819,1168
2021,07.25,0,51686,46819,1168
2021,07.26,298,51984,46843,1176
2021,07.27,105,52089,46868,1178
2021,07.28,52,52141,46892,1179
2021,07.29,181,52322,46911,1182
2021,07.30,182,52504,46938,1182
2021,07.31,180,52684,46966,1187
2021,08.01,211,52895,46979,1190
2021,08.02,342,53237,47001,1196
2021,08.03,191,53428,47040,1196
2021,08.04,115,53543,47078,1203
2021,08.05,96,53639,47101,1207
2021,08.06,200,53839,47101,1211
2021,08.07,0,53839,47101,1211
2021,08.08,326,54165,47101,1214
2021,08.09,694,54859,47101,1222
2021,08.10,281,55140,47101,1231
2021,08.11,316,55456,47101,1241
2021,08.12,334,55790,47101,1254
2021,08.13,375,56165,47101,1268
2021,08.14,544,56709,47101,1276
2021,08.15,580,57289,47101,1285
2021,08.16,656,57945,47101,1300
2021,08.17,513,58458,47101,1311
2021,08.18,630,59088,47101,1320
2021,08.19,289,59377,47101,1339
2021,08.20,555,59932,47101,1342
2021,08.21,556,60488,47101,1356
2021,08.22,794,61282,47101,1371
2021,08.23,0,61282,47101,1371
2021,08.24,1430,62712,47101,1402
2021,08.25,752,63464,47101,1417
2021,08.26,367,63831,47101,1431
2021,08.27,463,64294,47101,1453
2021,08.28,605,64899,47101,1465
