year,date,confirm_add,confirm,heal,dead
2020,03.12,2,2,0,0
2020,03.13,0,2,0,0
2020,03.14,0,2,0,0
2020,03.15,0,2,0,0
2020,03.16,9,11,0,0
2020,03.17,0,11,0,0
2020,03.18,0,11,0,0
2020,03.19,0,11,0,0
2020,03.20,0,11,0,0
2020,03.21,0,19,0,0
2020,03.22,5,24,0,0
2020,03.23,3,27,0,0
2020,03.24,1,28,0,0
2020,03.25,4,32,0,0
2020,03.26,20,39,0,0
2020,03.27,22,61,0,0
2020,03.28,13,74,0,0
2020,03.29,7,81,0,0
2020,03.30,15,96,0,4
2020,03.31,11,107,0,6
2020,04.01,8,115,1,7
2020,04.02,8,123,1,7
2020,04.03,9,132,1,9
2020,04.04,7,139,1,10
2020,04.05,18,157,2,10
2020,04.06,26,183,2,11
2020,04.07,11,194,2,14
2020,04.08,16,210,2,15
2020,04.09,54,264,2,18
2020,04.10,4,268,2,19
2020,04.11,7,275,2,20
2020,04.12,25,300,2,24
2020,04.13,30,330,2,27
2020,04.14,24,354,6,28
2020,04.15,43,397,7,28
2020,04.16,44,441,14,29
2020,04.17,24,465,26,31
2020,04.18,28,493,31,31
2020,04.19,27,520,31,32
2020,04.20,44,564,31,33
2020,04.21,34,598,37,34
2020,04.22,11,609,44,37
2020,04.23,63,672,44,40
2020,04.24,31,703,44,43
2020,04.25,104,807,54,44
2020,04.26,59,866,54,46
2020,04.27,84,950,80,50
2020,04.28,64,1014,98,53
2020,04.29,39,1053,110,55
2020,04.30,57,1110,117,59
2020,05.01,57,1167,132,62
2020,05.02,62,1229,134,66
2020,05.03,0,1229,134,66
2020,05.04,365,1594,166,76
2020,05.05,87,1681,174,82
2020,05.06,121,1802,187,86
2020,05.07,84,1886,198,91
2020,05.08,195,2081,219,102
2020,05.09,185,2266,237,106
2020,05.10,171,2437,258,114
2020,05.11,119,2556,273,118
2020,05.12,275,2831,299,122
2020,05.13,133,2964,313,128
2020,05.14,184,3148,339,142
2020,05.15,224,3372,356,152
2020,05.16,205,3577,434,164
2020,05.17,249,3826,473,165
2020,05.18,262,4088,493,169
2020,05.19,175,4263,503,174
2020,05.20,218,4481,533,189
2020,05.21,438,4919,553,199
2020,05.22,268,5187,561,215
2020,05.23,392,5579,575,230
2020,05.24,336,5915,609,240
2020,05.25,348,6263,629,250
2020,05.26,397,6660,647,261
2020,05.27,476,7136,677,274
2020,05.28,632,7768,689,280
2020,05.29,619,8387,738,293
2020,05.30,344,8731,749,300
2020,05.31,861,9592,889,310
2020,06.01,390,9982,968,313
2020,06.02,549,10531,1137,343
2020,06.03,0,10531,1137,343
2020,06.04,1107,11638,1507,400
2020,06.05,607,12245,1658,415
2020,06.06,483,12728,1739,427
2020,06.07,630,13358,1902,454
2020,06.08,285,13643,2086,465
2020,06.09,306,13949,2159,475
2020,06.10,695,14644,2190,487
2020,06.11,637,15281,2261,512
2020,06.12,884,16165,2372,533
2020,06.13,764,16929,2431,559
2020,06.14,913,17842,2768,585
2020,06.15,617,18459,3113,611
2020,06.16,614,19073,3430,632
2020,06.17,810,19883,3752,659
2020,06.18,802,20685,4002,679
2020,06.19,814,21499,4002,697
2020,06.20,977,22476,4670,715
2020,06.21,1036,23512,5086,740
2020,06.22,876,24388,5454,773
2020,06.23,1105,25493,5857,820
2020,06.24,896,26389,6300,846
2020,06.25,1098,27487,6795,876
2020,06.26,1016,28503,7338,913
2020,06.27,920,29423,7736,934
2020,06.28,1253,30676,8158,970
2020,06.29,848,31524,8517,1014
2020,06.30,601,32125,8928,1071
2020,07.01,1094,33219,9340,1123
2020,07.02,1008,34227,9764,1201
2020,07.03,1301,35528,10358,1271
2020,07.04,1290,36818,10766,1320
2020,07.05,1253,38071,11272,1378
2020,07.06,1226,39297,11667,1434
2020,07.07,1212,40509,11929,1476
2020,07.08,1036,41545,12398,1530
2020,07.09,1439,42984,12883,1577
2020,07.10,1129,44113,13354,1638
2020,07.11,1452,45565,13918,1702
2020,07.12,1635,47200,14333,1754
2020,07.13,987,48187,14843,1807
2020,07.14,1063,49250,15294,1866
2020,07.15,1617,50867,15819,1898
2020,07.16,1351,52218,16357,1942
2020,07.17,1938,54156,16979,1984
2020,07.18,1946,56102,17882,2049
2020,07.19,2036,58138,18200,2106
2020,07.20,1444,59582,18553,2151
2020,07.21,1409,60991,18875,2218
2020,07.22,1366,62357,19290,2273
2020,07.23,1778,64135,19721,2328
2020,07.24,1117,65252,20030,2407
2020,07.25,1204,66456,20614,2473
2020,07.26,1825,68281,20951,2535
2020,07.27,1148,69429,21169,2583
2020,07.28,1752,71181,21478,2647
2020,07.29,1146,72327,21971,2720
2020,07.30,1207,73534,22506,2808
2020,07.31,1700,75234,23305,2894
2020,08.01,1555,76789,23582,2977
2020,08.02,2004,78793,23968,3064
2020,08.03,1360,80153,24156,3153
2020,08.04,1693,81846,24510,3228
2020,08.05,1515,83361,25390,3320
2020,08.06,1780,85141,26437,3385
2020,08.07,1282,86423,27373,3465
2020,08.08,1468,87891,28139,3524
2020,08.09,1164,89055,28904,3587
2020,08.10,944,89999,29808,3640
2020,08.11,1636,91635,30823,3712
2020,08.12,1693,93328,31753,3761
2020,08.13,1743,95071,32830,3827
2020,08.14,1388,96459,33720,3884
2020,08.15,1491,97950,34723,3939
2020,08.16,1196,99146,35638,4003
2020,08.17,1198,100344,36491,4058
2020,08.18,879,101223,37471,4123
2020,08.19,1796,103019,38623,4172
2020,08.20,2031,105050,39965,4233
2020,08.21,1015,106065,41111,4305
2020,08.22,1370,107435,42141,4366
2020,08.23,992,108427,43887,4442
2020,08.24,722,109149,45396,4509
2020,08.25,999,110148,47050,4578
2020,08.26,851,110999,48875,4664
2020,08.27,1095,112094,50397,4726
2020,08.28,1035,113129,52521,4791
2020,08.29,1280,114409,54914,4846
2020,08.30,945,115354,56749,4938
2020,08.31,614,115968,58497,4966
2020,09.01,630,116598,60408,5027
2020,09.02,669,117267,62124,5101
2020,09.03,661,117928,64074,5203
2020,09.04,853,118781,65884,5288
2020,09.05,799,119580,67844,5343
2020,09.06,661,120241,69566,5398
2020,09.07,528,120769,71489,7008
2020,09.08,835,121604,73150,7054
2020,09.09,704,122308,75098,7097
2020,09.10,1037,123345,77216,7146
2020,09.11,860,124205,79483,7193
2020,09.12,967,125172,81240,7250
2020,09.13,810,125982,82796,7297
2020,09.14,809,126791,84286,7344
2020,09.15,828,127619,85198,7394
2020,09.16,667,128286,86216,7447
2020,09.17,586,128872,87031,7478
2020,09.18,547,129419,87716,7511
2020,09.19,632,130051,88457,7550
2020,09.20,419,130470,89032,7586
2020,09.21,206,130676,89617,7617
2020,09.22,310,130986,90240,7654
2020,09.23,467,131453,90853,7693
2020,09.24,537,131990,91556,7731
2020,09.25,628,132618,92101,7765
2020,09.26,604,133222,92868,7800
2020,09.27,370,133592,93406,7828
2020,09.28,309,133901,93791,7858
2020,09.29,322,134223,94324,7900
2020,09.30,418,134641,94895,7931
2020,10.01,670,135311,95529,7965
2020,10.02,405,135716,96165,8001
2020,10.03,503,136219,96654,8045
2020,10.04,350,136569,97105,8073
2020,10.05,299,136868,97547,8101
2020,10.06,239,137107,98007,8129
2020,10.07,361,137468,98542,8156
2020,10.08,238,137706,99268,8192
2020,10.09,263,137969,99812,8228
2020,10.10,257,138226,100347,8262
2020,10.11,237,138463,100786,8292
2020,10.12,111,138574,101103,8308
2020,10.13,121,138695,101523,8326
2020,10.14,227,138922,102083,8351
2020,10.15,219,139141,102642,8377
2020,10.16,178,139319,103499,8407
2020,10.17,243,139562,103896,8439
2020,10.18,148,139710,104202,8463
2020,10.19,61,139771,104483,8481
2020,10.20,119,139890,104957,8502
2020,10.21,147,140037,105526,8526
2020,10.22,191,140228,106330,8558
2020,10.23,217,140445,106950,8584
2020,10.24,167,140612,107633,8608
2020,10.25,167,140779,108067,8627
2020,10.26,74,140853,108658,8645
2020,10.27,99,140952,109228,8658
2020,10.28,172,141124,109769,8672
2020,10.29,197,141321,110303,8694
2020,10.30,163,141484,110759,8705
2020,10.31,147,141631,111178,8715
2020,11.01,126,141757,111503,8725
2020,11.02,76,141833,111848,8731
2020,11.03,34,141867,112055,8741
2020,11.04,69,141936,112526,8751
2020,11.05,126,142062,112842,8758
2020,11.06,139,142201,113386,8768
2020,11.07,142,142343,113899,8781
2020,11.08,84,142427,114225,8790
2020,11.09,48,142475,114466,8795
2020,11.10,86,142561,114881,8802
2020,11.11,103,142664,115199,8808
2020,11.12,112,142776,115718,8818
2020,11.13,113,142889,116137,8825
2020,11.14,180,143069,116505,8835
2020,11.15,112,143181,116828,8841
2020,11.16,65,143246,117137,8849
2020,11.17,125,143371,117454,8859
2020,11.18,102,143473,117789,8866
2020,11.19,96,143569,118333,8875
2020,11.20,187,143756,118691,8889
2020,11.21,98,143854,119029,8900
2020,11.22,68,143922,119180,8904
2020,11.23,56,143978,119338,8907
2020,11.24,56,144034,119548,8916
2020,11.25,113,144147,119835,8928
2020,11.26,129,144276,120209,8933
2020,11.27,114,144390,120720,8939
2020,11.28,104,144494,121050,8943
2020,11.29,98,144592,121280,8949
2020,11.30,30,144622,121472,8952
2020,12.01,86,144708,121702,8957
2020,12.02,102,144810,122495,8963
2020,12.03,184,144994,123673,8972
2020,12.04,192,145186,124015,8982
2020,12.05,139,145325,124390,8987
2020,12.06,167,145492,124596,8992
2020,12.07,68,145560,124799,8995
2020,12.08,97,145657,124981,8997
2020,12.09,189,145846,125230,9002
2020,12.10,214,146060,125490,9004
2020,12.11,325,146385,125716,9008
2020,12.12,312,146697,125886,9013
2020,12.13,333,147030,126092,9014
2020,12.14,120,147150,126221,9018
2020,12.15,195,147345,126439,9024
2020,12.16,371,147716,126720,9026
2020,12.17,498,148214,126950,9029
2020,12.18,451,148665,127155,9031
2020,12.19,484,149149,127540,9033
2020,12.20,621,149770,127815,9035
2020,12.21,253,150023,127969,9036
2020,12.22,362,150385,128308,9043
2020,12.23,674,151059,128540,9052
2020,12.24,1005,152064,129052,9065
2020,12.25,1057,153121,129387,9076
2020,12.26,469,153590,129754,9083
2020,12.27,759,154349,129969,9093
2020,12.28,494,154843,130222,9098
2020,12.29,751,155594,130620,9106
2020,12.30,1293,156887,130910,9135
2020,12.31,1485,158372,131579,9149
2021,01.01,1752,160124,132097,9165
2021,01.02,861,160985,132510,9175
2021,01.03,1070,162055,133013,9186
2021,01.04,606,162661,133247,9201
2021,01.05,1010,163671,133671,9219
2021,01.06,1597,165268,134503,9241
2021,01.07,1713,166981,135186,9287
2021,01.08,1910,168891,136266,9304
2021,01.09,2263,171154,136882,9328
2021,01.10,1644,172798,137704,9351
2021,01.11,1098,173896,138087,9376
2021,01.12,1392,175288,138809,9415
2021,01.13,1473,176761,139672,9454
2021,01.14,2057,178818,140671,9493
2021,01.15,2198,181016,141736,9530
2021,01.16,2573,183589,142279,9571
2021,01.17,2091,185680,142948,9596
2021,01.18,1503,187183,143437,9636
2021,01.19,1550,188733,144227,9680
2021,01.20,2357,191090,145537,9722
2021,01.21,2655,193745,146578,9764
2021,01.22,2648,196393,147744,9818
2021,01.23,1864,198257,148750,9871
2021,01.24,1732,199989,149895,9927
2021,01.25,1048,201037,150439,9985
2021,01.26,1781,202818,151469,10051
2021,01.27,2390,205208,152555,10105
2021,01.28,2866,208074,154377,10167
2021,01.29,2652,210726,155722,10226
2021,01.30,2666,213392,157263,10279
2021,01.31,2005,215397,158499,10330
2021,02.01,1438,216835,159222,10379
2021,02.02,1464,218299,160326,10439
2021,02.03,2127,220426,161764,10513
2021,02.04,2021,222447,163338,10571
2021,02.05,1787,224234,164900,10633
2021,02.06,1676,225910,166446,10687
2021,02.07,1218,227128,167354,10753
2021,02.08,839,227967,168040,10796
2021,02.09,1220,229187,169415,10864
2021,02.10,1544,230731,170972,10929
2021,02.11,1771,232502,172710,10996
2021,02.12,1352,233854,174329,11044
2021,02.13,1244,235098,175958,11107
2021,02.14,938,236036,177282,11155
2021,02.15,696,236732,177775,11202
2021,02.16,412,237144,179057,11234
2021,02.17,562,237706,180155,11274
2021,02.18,789,238495,181338,11303
2021,02.19,1029,239524,182534,11353
2021,02.20,1152,240676,183833,11390
2021,02.21,1095,241771,184717,11417
2021,02.22,521,242292,185155,11441
2021,02.23,884,243176,186118,11470
2021,02.24,1204,244380,188645,11508
2021,02.25,1339,245719,189832,11547
2021,02.26,1103,246822,191081,11577
2021,02.27,1069,247891,191950,11609
2021,02.28,656,248547,192553,11628
2021,03.01,463,249010,193032,11649
2021,03.02,757,249767,193652,11666
2021,03.03,790,250557,194370,11703
2021,03.04,834,251391,195099,11734
2021,03.05,969,252360,195705,11761
2021,03.06,937,253297,196731,11789
2021,03.07,653,253950,197427,11807
2021,03.08,323,254273,198236,11823
2021,03.09,463,254736,199000,11845
2021,03.10,885,255621,199842,11858
2021,03.11,841,256462,200900,11884
2021,03.12,778,257240,202216,11903
2021,03.13,1084,258324,203466,11930
2021,03.14,680,259004,204211,11944
2021,03.15,385,259389,204813,11958
2021,03.16,670,260059,205628,11974
2021,03.17,929,260988,206586,11997
2021,03.18,1068,262056,207643,12015
2021,03.19,885,262941,209842,12028
2021,03.20,867,263808,210736,12041
2021,03.21,603,264411,211456,12051
2021,03.22,223,264634,212106,12060
2021,03.23,573,265207,212691,12074
2021,03.24,879,266086,213779,12093
2021,03.25,973,267059,214988,12107
2021,03.26,774,267833,216057,12131
2021,03.27,878,268711,217103,12143
2021,03.28,591,269302,217921,12165
2021,03.29,326,269628,218503,12186
2021,03.30,719,270347,219389,12211
2021,03.31,1072,271419,220856,12239
2021,04.01,992,272411,221962,12257
2021,04.02,916,273327,222924,12280
2021,04.03,620,273947,223760,12305
2021,04.04,520,274467,224548,12316
2021,04.05,467,274934,224998,12324
2021,04.06,458,275392,225483,12344
2021,04.07,1498,276890,226787,12366
2021,04.08,1076,277966,227812,12385
2021,04.09,1241,279207,229036,12412
2021,04.10,1442,280649,230021,12428
2021,04.11,921,281570,230807,12442
2021,04.12,525,282095,231546,12451
2021,04.13,989,283084,232422,12469
2021,04.14,1099,284183,233646,12496
2021,04.15,1108,285291,234596,12519
2021,04.16,823,286114,235495,12603
2021,04.17,1246,287360,236455,12625
2021,04.18,1185,288545,237313,12634
2021,04.19,521,289066,238195,12648
2021,04.20,1296,290362,239194,12666
2021,04.21,1313,291675,240336,12695
2021,04.22,1386,293061,241563,12731
2021,04.23,1330,294391,243064,12758
2021,04.24,1501,295892,244079,12783
2021,04.25,1293,297185,244881,12812
2021,04.26,474,297659,245633,12824
2021,04.27,1119,298778,246673,12861
2021,04.28,1480,300258,247961,12885
2021,04.29,1573,301831,249103,12920
2021,04.30,0,301831,249103,12920
2021,05.01,3763,305594,251664,12975
2021,05.02,933,306527,252780,13009
2021,05.03,1034,307561,253406,13021
2021,05.04,1423,308984,254683,13035
2021,05.05,0,308984,254683,13035
2021,05.06,3423,312407,257277,13123
2021,05.07,1783,314190,258068,13151
2021,05.08,0,314190,258068,13151
2021,05.09,3357,317547,260438,13205
2021,05.10,1063,318610,261552,13228
2021,05.11,0,318610,261552,13228
2021,05.12,1599,320209,262970,13258
2021,05.13,4659,324868,266512,13345
2021,05.14,0,324868,267973,13345
2021,05.15,4865,329733,269288,13451
2021,05.16,0,329733,269288,13451
2021,05.17,2834,332567,271690,13517
2021,05.18,2257,334824,273403,13566
2021,05.19,2617,337441,275069,13635
2021,05.20,2766,340207,276549,13693
2021,05.21,2858,343065,277711,13780
2021,05.22,3005,346070,279345,13957
2021,05.23,0,346070,279345,13857
2021,05.24,3583,349653,282010,13965
2021,05.25,2517,352170,283673,14024
2021,05.26,3179,355349,285170,14124
2021,05.27,3213,358562,286644,14226
2021,05.28,3018,361580,288106,14312
2021,05.29,2990,364570,289809,14377
2021,05.30,2144,366714,291325,14435
2021,05.31,1760,368474,292713,14471
2021,06.01,2805,371279,295273,14524
2021,06.02,3439,374718,297580,14639
2021,06.03,3310,378028,299462,14732
2021,06.04,2429,380457,301160,14832
2021,06.05,3000,383457,303358,14900
2021,06.06,2277,385734,305219,14981
2021,06.07,1428,387162,306819,15024
2021,06.08,2832,389994,308971,15082
2021,06.09,2981,392975,311340,15177
2021,06.10,3839,396814,313445,15247
2021,06.11,3233,400047,315304,15321
2021,06.12,0,400047,315304,15321
2021,06.13,5300,405347,319666,15485
2021,06.14,1607,406954,321665,15542
2021,06.15,2152,409106,324028,15614
2021,06.16,2571,411677,326484,15738
2021,06.17,2836,414513,330148,15826
2021,06.18,2682,417195,332662,15924
2021,06.19,2118,419313,335285,16009
2021,06.20,1648,420961,337136,16088
2021,06.21,1086,422047,339104,16132
2021,06.22,764,422811,340959,16174
2021,06.23,1667,424478,344609,16243
2021,06.24,2270,426748,346879,16329
2021,06.25,2430,429178,348915,16414
2021,06.26,2182,431360,351317,16496
2021,06.27,1653,433013,353032,16551
2021,06.28,922,433935,354569,16581
2021,06.29,1633,435568,356575,16631
2021,06.30,2055,437623,358851,16702
2021,07.01,2001,439624,360926,16767
2021,07.02,1662,441286,363431,16822
2021,07.03,1598,442884,365531,16879
2021,07.04,1206,444090,366939,16920
2021,07.05,878,444968,368327,16951
2021,07.06,1394,446362,370378,16985
2021,07.07,1851,448213,372138,17013
2021,07.08,1474,449687,373624,17067
2021,07.09,1537,451224,375676,17126
2021,07.10,0,451224,375676,17126
2021,07.11,2371,453595,378733,17200
2021,07.12,646,454241,380500,17219
2021,07.13,1195,455436,381945,17250
2021,07.14,1379,456815,383441,17287
2021,07.15,1397,458212,384876,17345
2021,07.16,1367,459579,386591,17375
2021,07.17,1239,460818,387979,17406
2021,07.18,896,461714,389170,17443
2021,07.19,440,462154,390745,17458
2021,07.20,971,463125,392548,17475
2021,07.21,1052,464177,394002,17505
2021,07.22,1174,465351,395353,17546
2021,07.23,967,466318,396914,17576
2021,07.24,0,466318,396914,17576
2021,07.25,1657,467975,399649,17637
2021,07.26,448,468423,400682,17651
2021,07.27,759,469182,402031,17672
2021,07.28,842,470024,403396,17716
2021,07.29,905,470929,404509,17754
2021,07.30,1029,471958,405853,17784
2021,07.31,0,471958,405853,17784
2021,08.01,1548,473506,407932,17821
2021,08.02,393,473899,408577,17839
2021,08.03,639,474538,409768,17859
2021,08.04,727,475265,410833,17882
2021,08.05,832,476097,411830,17910
2021,08.06,0,476097,411830,17910
2021,08.07,698,476795,411830,17935
2021,08.08,467,477262,411830,17959
2021,08.09,801,478063,411830,17983
2021,08.10,608,478671,411830,18004
2021,08.11,0,478671,411830,18004
2021,08.12,1558,480229,411830,18109
2021,08.13,0,480229,411830,18109
2021,08.14,1402,481631,411830,18152
2021,08.15,0,481631,411830,18152
2021,08.16,797,482428,411830,18185
2021,08.17,0,482428,411830,18185
2021,08.18,1303,483731,411830,18222
2021,08.19,715,484446,411830,18236
2021,08.20,0,484446,411830,18236
2021,08.21,738,485184,411830,18256
2021,08.22,1210,486394,411830,18296
2021,08.23,249,486643,411830,18302
2021,08.24,488,487131,411830,18313
2021,08.25,590,487721,411830,18330
2021,08.26,682,488403,411830,18350
2021,08.27,530,488933,411830,18371
2021,08.28,514,489447,411830,18391
