year,date,confirm_add,confirm,heal,dead
2020,03.16,1,1,0,0
2020,03.17,0,1,0,0
2020,03.18,0,1,0,0
2020,03.19,0,1,0,0
2020,03.20,0,1,0,0
2020,03.21,0,1,0,0
2020,03.22,0,1,0,0
2020,03.23,0,1,0,0
2020,03.24,0,1,0,0
2020,03.25,0,1,0,0
2020,03.26,1,2,0,0
2020,03.27,1,3,0,0
2020,03.28,0,3,0,0
2020,03.29,0,3,0,0
2020,03.30,0,3,0,0
2020,03.31,0,3,1,0
2020,04.01,2,5,1,0
2020,04.02,0,5,1,0
2020,04.03,0,5,1,0
2020,04.04,2,7,1,0
2020,04.05,0,7,1,0
2020,04.06,0,7,1,0
2020,04.07,0,7,1,0
2020,04.08,1,8,1,0
2020,04.09,4,12,1,1
2020,04.10,0,12,1,1
2020,04.11,9,21,1,1
2020,04.12,0,21,2,1
2020,04.13,4,25,2,2
2020,04.14,35,60,2,2
2020,04.15,0,60,2,2
2020,04.16,20,80,2,5
2020,04.17,0,80,2,5
2020,04.18,36,116,2,6
2020,04.19,19,135,2,7
2020,04.20,29,164,3,7
2020,04.21,73,237,4,8
2020,04.22,49,286,4,8
2020,04.23,0,286,4,8
2020,04.24,42,328,8,16
2020,04.25,62,390,8,18
2020,04.26,46,436,10,23
2020,04.27,0,436,10,23
2020,04.28,44,480,14,26
2020,04.29,102,582,20,28
2020,04.30,0,582,20,28
2020,05.01,19,601,31,28
2020,05.02,0,601,31,28
2020,05.03,70,671,34,31
2020,05.04,51,722,44,32
2020,05.05,113,835,75,38
2020,05.06,0,835,75,38
2020,05.07,38,873,87,39
2020,05.08,55,928,106,44
2020,05.09,0,928,106,44
2020,05.10,126,1054,118,51
2020,05.11,0,1054,118,51
2020,05.12,35,1089,121,52
2020,05.13,130,1219,130,52
2020,05.14,0,1219,130,52
2020,05.15,65,1284,135,53
2020,05.16,0,1284,135,53
2020,05.17,73,1357,148,55
2020,05.18,64,1421,152,56
2020,05.19,34,1455,163,57
2020,05.20,47,1502,178,59
2020,05.21,71,1573,188,61
2020,05.22,21,1594,204,61
2020,05.23,0,1594,204,61
2020,05.24,0,1594,204,61
2020,05.25,95,1689,235,66
2020,05.26,0,1689,235,66
2020,05.27,22,1711,253,67
2020,05.28,20,1731,265,67
2020,05.29,97,1828,310,72
2020,05.30,0,1828,310,72
2020,05.31,148,1976,348,78
2020,06.01,47,2023,361,79
2020,06.02,66,2089,361,79
2020,06.03,0,2089,361,79
2020,06.04,115,2204,418,79
2020,06.05,0,2204,418,79
2020,06.06,85,2289,431,82
2020,06.07,0,2289,431,82
2020,06.08,79,2368,470,84
2020,06.09,48,2416,489,85
2020,06.10,0,2416,489,85
2020,06.11,97,2513,532,85
2020,06.12,0,2513,532,85
2020,06.13,0,2513,532,85
2020,06.14,66,2579,559,87
2020,06.15,39,2618,577,88
2020,06.16,24,2642,622,88
2020,06.17,16,2658,649,88
2020,06.18,61,2719,724,88
2020,06.19,0,2719,724,88
2020,06.20,0,2719,724,88
2020,06.21,36,2755,751,88
2020,06.22,24,2779,782,90
2020,06.23,33,2812,818,90
2020,06.24,23,2835,829,90
2020,06.25,43,2878,868,90
2020,06.26,0,2878,868,90
2020,06.27,0,2878,868,90
2020,06.28,0,2878,868,90
2020,06.29,16,2894,887,90
2020,06.30,10,2904,910,90
2020,07.01,20,2924,910,90
2020,07.02,0,2924,932,90
2020,07.03,20,2944,951,90
2020,07.04,0,2944,951,90
2020,07.05,17,2961,973,92
2020,07.06,36,2997,1014,92
2020,07.07,9,3006,1051,92
2020,07.08,9,3015,1096,92
2020,07.09,13,3028,1147,92
2020,07.10,10,3038,1209,92
2020,07.11,0,3038,1209,92
2020,07.12,13,3051,1264,92
2020,07.13,8,3059,1264,93
2020,07.14,13,3072,1343,93
2020,07.15,4,3076,1380,93
2020,07.16,7,3083,1425,93
2020,07.17,23,3106,1444,93
2020,07.18,0,3106,1444,93
2020,07.19,5,3111,1452,93
2020,07.20,8,3119,1457,93
2020,07.21,11,3130,1462,93
2020,07.22,5,3135,1464,93
2020,07.23,26,3161,1495,93
2020,07.24,10,3171,1499,93
2020,07.25,0,3171,1499,93
2020,07.26,7,3178,1521,93
2020,07.27,0,3178,1521,93
2020,07.28,18,3196,1543,93
2020,07.29,16,3212,1562,93
2020,07.30,0,3212,1562,93
2020,07.31,0,3212,1562,93
2020,08.01,0,3212,1562,93
2020,08.02,0,3212,1562,93
2020,08.03,8,3220,1598,93
2020,08.04,0,3220,1598,93
2020,08.05,0,3220,1598,93
2020,08.06,7,3227,1728,93
2020,08.07,0,3227,1728,93
2020,08.08,0,3227,1728,93
2020,08.09,0,3227,1728,93
2020,08.10,0,3227,1728,93
2020,08.11,0,3227,1728,93
2020,08.12,0,3227,1728,93
2020,08.13,0,3227,1728,93
2020,08.14,0,3227,1728,93
2020,08.15,23,3250,2268,93
2020,08.16,0,3250,2268,93
2020,08.17,6,3256,2374,93
2020,08.18,1,3257,2374,93
2020,08.19,8,3265,2396,93
2020,08.20,0,3265,2396,93
2020,08.21,0,3265,2396,93
2020,08.22,0,3265,2396,93
2020,08.23,4,3269,2396,93
2020,08.24,0,3269,2396,93
2020,08.25,0,3269,2443,93
2020,08.26,6,3275,2443,95
2020,08.27,0,3275,2443,95
2020,08.28,0,3275,2443,95
2020,08.29,0,3275,2481,95
2020,08.30,35,3310,2481,97
2020,08.31,0,3310,2481,98
2020,09.01,0,3310,2481,98
2020,09.02,0,3310,2481,98
2020,09.03,0,3310,2481,98
2020,09.04,22,3332,2696,97
2020,09.05,0,3332,2696,97
2020,09.06,30,3362,2696,97
2020,09.07,0,3362,2696,97
2020,09.08,0,3362,2696,97
2020,09.09,9,3371,2738,97
2020,09.10,0,3371,2738,97
2020,09.11,0,3371,2738,97
2020,09.12,5,3376,2791,98
2020,09.13,13,3389,2803,98
2020,09.14,0,3389,2803,98
2020,09.15,0,3389,2803,98
2020,09.16,1,3390,2812,98
2020,09.17,0,3390,2812,98
2020,09.18,0,3390,2812,98
2020,09.19,0,3390,2812,98
2020,09.20,52,3442,2877,98
2020,09.21,23,3465,2877,98
2020,09.22,0,3465,2877,98
2020,09.23,0,3465,2877,98
2020,09.24,0,3465,2877,98
2020,09.25,0,3465,2877,98
2020,09.26,0,3465,2877,98
2020,09.27,123,3588,2943,99
2020,09.28,0,3588,2946,99
2020,09.29,0,3588,2946,99
2020,09.30,0,3588,2946,99
2020,10.01,0,3588,2946,99
2020,10.02,5,3593,3001,99
2020,10.03,0,3593,3001,99
2020,10.04,0,3593,3001,99
2020,10.05,152,3745,3010,99
2020,10.06,0,3745,3010,99
2020,10.07,0,3745,3010,99
2020,10.08,0,3745,3010,99
2020,10.09,0,3745,3010,99
2020,10.10,102,3847,3079,99
2020,10.11,0,3847,3079,99
2020,10.12,17,3864,3089,99
2020,10.13,0,3864,3089,99
2020,10.14,0,3864,3089,99
2020,10.15,0,3864,3089,99
2020,10.16,0,3864,3089,99
2020,10.17,0,3864,3089,99
2020,10.18,0,3864,3089,99
2020,10.19,26,3890,3089,99
2020,10.20,0,3890,3089,99
2020,10.21,0,3890,3166,101
2020,10.22,7,3897,3166,102
2020,10.23,0,3897,3166,102
2020,10.24,0,3897,3166,102
2020,10.25,0,3897,3166,102
2020,10.26,44,3941,3185,104
2020,10.27,0,3941,3185,104
2020,10.28,0,3941,3185,104
2020,10.29,0,3941,3185,104
2020,10.30,0,3941,3185,104
2020,10.31,0,3941,3185,104
2020,11.01,0,3941,3185,104
2020,11.02,0,3941,3185,104
2020,11.03,0,3941,3185,104
2020,11.04,288,4229,3247,107
2020,11.05,0,4229,3247,107
2020,11.06,0,4229,3247,107
2020,11.07,0,4229,3247,107
2020,11.08,0,4229,3247,107
2020,11.09,0,4229,3247,107
2020,11.10,72,4301,3247,107
2020,11.11,0,4301,3247,107
2020,11.12,0,4301,3330,107
2020,11.13,0,4301,3330,107
2020,11.14,0,4301,3330,107
2020,11.15,0,4301,3330,107
2020,11.16,0,4301,3330,107
2020,11.17,81,4382,3384,108
2020,11.18,0,4382,3384,108
2020,11.19,0,4382,3384,108
2020,11.20,0,4382,3384,108
2020,11.21,0,4382,3384,108
2020,11.22,0,4382,3384,108
2020,11.23,63,4445,3412,113
2020,11.24,0,4445,3412,113
2020,11.25,0,4445,3412,113
2020,11.26,0,4445,3412,113
2020,11.27,6,4451,3417,113
2020,11.28,0,4451,3417,113
2020,11.29,0,4451,3417,113
2020,11.30,0,4451,3417,113
2020,12.01,0,4451,3417,113
2020,12.02,74,4525,3480,121
2020,12.03,0,4525,3480,121
2020,12.04,0,4525,3480,121
2020,12.05,0,4525,3480,121
2020,12.06,0,4525,3480,121
2020,12.07,0,4525,3480,121
2020,12.08,54,4579,3529,121
2020,12.09,0,4579,3529,121
2020,12.10,0,4579,3529,121
2020,12.11,0,4579,3529,121
2020,12.12,0,4579,3529,121
2020,12.13,0,4579,3529,121
2020,12.14,0,4579,3529,121
2020,12.15,0,4579,3529,121
2020,12.16,0,4579,3529,121
2020,12.17,83,4662,3566,124
2020,12.18,0,4662,3566,124
2020,12.19,0,4662,3566,124
2020,12.20,0,4662,3566,124
2020,12.21,0,4662,3566,124
2020,12.22,28,4690,3605,127
2020,12.23,0,4690,3605,127
2020,12.24,0,4690,3605,127
2020,12.25,0,4690,3605,127
2020,12.26,0,4690,3605,127
2020,12.27,0,4690,3605,127
2020,12.28,0,4690,3605,127
2020,12.29,0,4690,3605,127
2020,12.30,0,4690,3605,127
2020,12.31,24,4714,3612,130
2021,01.01,0,4714,3612,130
2021,01.02,0,4714,3612,130
2021,01.03,0,4714,3612,130
2021,01.04,0,4714,3612,130
2021,01.05,0,4714,3612,130
2021,01.06,0,4714,3612,130
2021,01.07,12,4726,3639,130
2021,01.08,0,4726,3639,130
2021,01.09,0,4726,3639,130
2021,01.10,0,4726,3639,130
2021,01.11,0,4726,3639,130
2021,01.12,0,4726,3639,130
2021,01.13,0,4726,3639,130
2021,01.14,18,4744,3666,130
2021,01.15,0,4744,3666,130
2021,01.16,0,4744,3666,130
2021,01.17,0,4744,3666,130
2021,01.18,0,4744,3666,130
2021,01.19,0,4744,3666,130
2021,01.20,0,4744,3666,130
2021,01.21,0,4744,3666,130
2021,01.22,0,4744,3666,130
2021,01.23,0,4744,3666,130
2021,01.24,10,4754,3666,130
2021,01.25,0,4754,3666,130
2021,01.26,0,4754,3666,130
2021,01.27,0,4754,3666,130
2021,01.28,30,4784,3666,130
2021,01.29,0,4784,3666,130
2021,01.30,0,4784,3666,130
2021,01.31,0,4784,3666,130
2021,02.01,0,4784,3666,130
2021,02.02,0,4784,3666,130
2021,02.03,0,4784,3666,130
2021,02.04,30,4814,3720,132
2021,02.05,0,4814,3720,132
2021,02.06,0,4814,3720,132
2021,02.07,40,4854,3720,134
2021,02.08,8,4862,3720,134
2021,02.09,0,4862,3720,134
2021,02.10,0,4862,3720,134
2021,02.11,73,4935,3720,139
2021,02.12,78,5013,3732,144
2021,02.13,62,5075,3733,146
2021,02.14,17,5092,3733,148
2021,02.15,91,5183,3739,152
2021,02.16,90,5273,3750,154
2021,02.17,100,5373,3750,163
2021,02.18,127,5500,3750,172
2021,02.19,132,5632,3757,179
2021,02.20,0,5632,3757,179
2021,02.21,257,5889,3757,194
2021,02.22,128,6017,3764,202
2021,02.23,229,6246,3778,208
2021,02.24,0,6246,3778,208
2021,02.25,303,6549,3783,218
2021,02.26,138,6687,3784,223
2021,02.27,0,6687,3784,223
2021,02.28,304,6991,3787,231
2021,03.01,266,7257,3808,239
2021,03.02,261,7518,3846,249
2021,03.03,209,7727,3867,260
2021,03.04,123,7850,3901,274
2021,03.05,0,7850,3901,274
2021,03.06,191,8041,3932,294
2021,03.07,0,8041,3932,294
2021,03.08,280,8321,3932,302
2021,03.09,117,8438,3932,307
2021,03.10,139,8577,4031,319
2021,03.11,136,8713,4054,327
2021,03.12,107,8820,4079,338
2021,03.13,126,8946,4108,349
2021,03.14,0,8946,4108,349
2021,03.15,244,9190,4230,367
2021,03.16,138,9328,4259,379
2021,03.17,109,9437,4306,385
2021,03.18,163,9600,4329,392
2021,03.19,0,9600,4329,392
2021,03.20,325,9925,4420,414
2021,03.21,43,9968,4424,419
2021,03.22,117,10085,4498,429
2021,03.23,129,10214,4532,441
2021,03.24,155,10369,4564,453
2021,03.25,0,10369,4564,453
2021,03.26,295,10664,4634,471
2021,03.27,0,10664,4634,471
2021,03.28,174,10838,4678,488
2021,03.29,139,10977,4719,496
2021,03.30,0,10977,4719,496
2021,03.31,0,10977,4719,496
2021,04.01,421,11398,4819,529
2021,04.02,101,11499,4861,537
2021,04.03,0,11499,4861,537
2021,04.04,124,11623,4901,546
2021,04.05,160,11783,4967,557
2021,04.06,125,11908,5017,568
2021,04.07,70,11978,5058,576
2021,04.08,0,11978,5058,576
2021,04.09,293,12271,5129,605
2021,04.10,0,12271,5129,605
2021,04.11,0,12271,5129,605
2021,04.12,135,12406,5222,618
2021,04.13,160,12566,5270,618
2021,04.14,0,12566,5270,618
2021,04.15,271,12837,5346,656
2021,04.16,0,12837,5346,656
2021,04.17,0,12837,5346,656
2021,04.18,0,12837,5346,656
2021,04.19,242,13079,5413,670
2021,04.20,245,13324,5518,678
2021,04.21,0,13324,5518,678
2021,04.22,135,13459,5593,689
2021,04.23,0,13459,5593,689
2021,04.24,0,13459,5593,689
2021,04.25,0,13459,5593,689
2021,04.26,211,13670,5679,698
2021,04.27,142,13812,5744,702
2021,04.28,103,13915,5847,713
2021,04.29,0,13915,5847,713
2021,04.30,0,13915,5847,713
2021,05.01,0,13915,5847,713
2021,05.02,0,13915,5847,713
2021,05.03,0,13915,5847,713
2021,05.04,206,14121,6009,721
2021,05.05,0,14121,6009,721
2021,05.06,0,14121,6009,721
2021,05.07,247,14368,6152,745
2021,05.08,0,14368,6152,745
2021,05.09,47,14415,6191,747
2021,05.10,0,14415,6191,747
2021,05.11,0,14415,6191,747
2021,05.12,71,14486,6325,753
2021,05.13,0,14486,6325,753
2021,05.14,0,14486,6325,753
2021,05.15,0,14486,6325,753
2021,05.16,0,14486,6325,753
2021,05.17,0,14486,6325,753
2021,05.18,0,14486,6325,753
2021,05.19,89,14575,6579,762
2021,05.20,0,14575,6579,762
2021,05.21,19,14594,6639,767
2021,05.22,0,14594,6639,767
2021,05.23,29,14623,6662,767
2021,05.24,9,14632,6685,767
2021,05.25,0,14632,6685,767
2021,05.26,0,14632,6685,767
2021,05.27,0,14632,6685,767
2021,05.28,15,14647,6717,768
2021,05.29,0,14647,6717,768
2021,05.30,6,14653,6726,768
2021,05.31,7,14660,6764,769
2021,06.01,2,14662,6764,769
2021,06.02,5,14667,6764,769
2021,06.03,24,14691,6846,770
2021,06.04,8,14699,6891,771
2021,06.05,0,14699,6891,771
2021,06.06,30,14729,6905,773
2021,06.07,19,14748,6943,773
2021,06.08,20,14768,6964,773
2021,06.09,8,14776,6985,773
2021,06.10,3,14779,6995,774
2021,06.11,0,14779,7016,774
2021,06.12,0,14779,7016,774
2021,06.13,0,14779,7016,774
2021,06.14,38,14817,7043,774
2021,06.15,0,14817,7043,774
2021,06.16,6,14823,7099,775
2021,06.17,4,14827,7114,775
2021,06.18,14,14841,7137,775
2021,06.19,0,14841,7137,775
2021,06.20,11,14852,7150,775
2021,06.21,0,14852,7150,775
2021,06.22,15,14867,7204,775
2021,06.23,1,14868,7216,775
2021,06.24,0,14868,7216,775
2021,06.25,7,14875,7231,775
2021,06.26,0,14875,7231,775
2021,06.27,17,14892,7235,775
2021,06.28,0,14892,7235,775
2021,06.29,41,14933,7244,775
2021,06.30,0,14933,7244,775
2021,07.01,13,14946,7246,775
2021,07.02,0,14946,7246,775
2021,07.03,0,14946,7246,775
2021,07.04,0,14946,7246,775
2021,07.05,31,14977,7247,775
2021,07.06,0,14977,7247,775
2021,07.07,18,14995,7252,775
2021,07.08,0,14995,7252,775
2021,07.09,0,14995,7252,775
2021,07.10,0,14995,7252,775
2021,07.11,0,14995,7252,775
2021,07.12,41,15036,7261,777
2021,07.13,24,15060,7263,779
2021,07.14,8,15068,7266,781
2021,07.15,8,15076,7267,781
2021,07.16,5,15081,7268,781
2021,07.17,0,15081,7268,781
2021,07.18,4,15085,7268,781
2021,07.19,38,15123,7275,781
2021,07.20,0,15123,7275,781
2021,07.21,39,15162,7277,781
2021,07.22,0,15162,7277,781
2021,07.23,18,15180,7277,781
2021,07.24,0,15180,7277,781
2021,07.25,23,15203,7286,789
2021,07.26,27,15230,7286,796
2021,07.27,21,15251,7290,797
2021,07.28,72,15323,7430,804
2021,07.29,35,15358,7498,809
2021,07.30,0,15358,7498,809
2021,07.31,0,15358,7498,809
2021,08.01,98,15456,7567,813
2021,08.02,0,15456,7567,813
2021,08.03,41,15497,7593,819
2021,08.04,161,15658,7661,832
2021,08.05,77,15735,7695,837
2021,08.06,0,15735,7695,837
2021,08.07,0,15735,7695,837
2021,08.08,0,15735,7695,837
2021,08.09,130,15865,7695,850
2021,08.10,64,15929,7695,858
2021,08.11,110,16039,7695,863
2021,08.12,64,16103,7695,864
2021,08.13,92,16195,7695,870
2021,08.14,0,16195,7695,870
2021,08.15,70,16265,7695,878
2021,08.16,54,16319,7695,883
2021,08.17,80,16399,7695,892
2021,08.18,0,16399,7695,892
2021,08.19,136,16535,7695,897
2021,08.20,0,16535,7695,897
2021,08.21,0,16535,7695,897
2021,08.22,0,16535,7695,897
2021,08.23,252,16787,7695,918
2021,08.24,105,16892,7695,927
2021,08.25,0,16892,7695,927
2021,08.26,124,17016,7695,938
2021,08.27,0,17016,7695,938
2021,08.28,0,17016,7695,938
