year,date,confirm_add,confirm,heal,dead
2020,03.02,1,1,0,0
2020,03.03,0,1,0,0
2020,03.04,0,1,0,0
2020,03.05,0,1,0,0
2020,03.06,0,1,0,0
2020,03.07,0,1,0,0
2020,03.08,0,1,0,0
2020,03.09,0,1,0,0
2020,03.10,0,1,0,0
2020,03.11,0,1,0,0
2020,03.12,0,1,0,0
2020,03.13,0,1,0,0
2020,03.14,0,1,1,0
2020,03.15,6,7,1,0
2020,03.16,6,13,1,0
2020,03.17,17,30,1,0
2020,03.18,19,49,1,0
2020,03.19,8,57,1,0
2020,03.20,13,70,1,0
2020,03.21,14,84,1,0
2020,03.22,15,99,1,0
2020,03.23,13,112,1,0
2020,03.24,15,127,1,0
2020,03.25,26,153,1,0
2020,03.26,19,172,1,0
2020,03.27,40,212,1,0
2020,03.28,23,235,18,1
2020,03.29,11,246,18,1
2020,03.30,13,259,18,3
2020,03.31,9,268,26,5
2020,04.01,6,274,30,5
2020,04.02,4,278,36,5
2020,04.03,21,299,45,5
2020,04.04,11,310,58,5
2020,04.05,13,323,74,5
2020,04.06,22,345,110,5
2020,04.07,4,349,126,6
2020,04.08,4,353,138,6
2020,04.09,5,358,150,6
2020,04.10,14,372,161,7
2020,04.11,0,372,170,7
2020,04.12,9,381,177,7
2020,04.13,8,389,201,7
2020,04.14,2,391,215,7
2020,04.15,6,397,235,7
2020,04.16,4,401,250,7
2020,04.17,1,402,259,7
2020,04.18,5,407,265,7
2020,04.19,6,413,269,7
2020,04.20,4,417,276,7
2020,04.21,8,425,282,7
2020,04.22,3,428,297,7
2020,04.23,7,435,315,7
2020,04.24,2,437,318,7
2020,04.25,7,444,332,7
2020,04.26,0,444,332,7
2020,04.27,3,447,337,7
2020,04.28,2,449,348,8
2020,04.29,0,449,348,8
2020,04.30,4,453,362,8
2020,05.01,0,453,362,8
2020,05.02,6,459,364,9
2020,05.03,1,460,367,9
2020,05.04,5,465,370,9
2020,05.05,0,465,370,9
2020,05.06,6,471,375,9
2020,05.07,13,484,381,9
2020,05.08,10,494,381,9
2020,05.09,14,508,385,9
2020,05.10,14,522,387,9
2020,05.11,18,540,389,9
2020,05.12,22,562,390,9
2020,05.13,20,582,392,9
2020,05.14,0,582,392,9
2020,05.15,14,596,401,9
2020,05.16,0,596,401,9
2020,05.17,11,607,404,9
2020,05.18,6,613,408,9
2020,05.19,16,629,413,9
2020,05.20,20,649,417,9
2020,05.21,23,672,446,9
2020,05.22,12,684,457,9
2020,05.23,16,700,461,9
2020,05.24,8,708,471,9
2020,05.25,0,708,471,9
2020,05.26,3,711,479,9
2020,05.27,7,718,586,9
2020,05.28,10,728,486,9
2020,05.29,0,728,497,9
2020,05.30,2,730,507,9
2020,05.31,9,739,522,9
2020,06.01,0,739,522,9
2020,06.02,16,755,549,9
2020,06.03,0,755,549,9
2020,06.04,2,757,561,9
2020,06.05,8,765,566,9
2020,06.06,19,784,571,9
2020,06.07,24,808,607,9
2020,06.08,23,831,627,9
2020,06.09,0,831,627,9
2020,06.10,14,845,657,9
2020,06.11,18,863,663,9
2020,06.12,27,890,670,9
2020,06.13,25,915,671,9
2020,06.14,46,961,682,9
2020,06.15,18,979,692,9
2020,06.16,2,981,693,9
2020,06.17,6,987,693,9
2020,06.18,0,987,693,9
2020,06.19,14,1001,697,9
2020,06.20,7,1008,708,9
2020,06.21,25,1033,739,9
2020,06.22,0,1033,739,9
2020,06.23,9,1042,751,9
2020,06.24,5,1047,772,9
2020,06.25,39,1086,797,9
2020,06.26,0,1086,797,9
2020,06.27,18,1104,830,9
2020,06.28,17,1121,860,9
2020,06.29,7,1128,867,9
2020,06.30,0,1128,867,9
2020,07.01,4,1132,882,9
2020,07.02,1,1133,886,9
2020,07.03,3,1136,889,9
2020,07.04,11,1147,897,10
2020,07.05,17,1164,902,10
2020,07.06,0,1164,942,10
2020,07.07,3,1167,957,10
2020,07.08,2,1169,969,10
2020,07.09,0,1169,977,10
2020,07.10,0,1169,982,10
2020,07.11,4,1173,986,10
2020,07.12,3,1176,991,10
2020,07.13,3,1179,997,10
2020,07.14,4,1183,1008,10
2020,07.15,15,1198,1013,10
2020,07.16,3,1201,1016,10
2020,07.17,5,1206,1019,10
2020,07.18,3,1209,1021,10
2020,07.19,5,1214,1022,11
2020,07.20,4,1218,1024,11
2020,07.21,5,1223,1028,11
2020,07.22,-110,1113,1034,11
2020,07.23,18,1131,1035,11
2020,07.24,0,1131,1035,11
2020,07.25,15,1146,1035,11
2020,07.26,22,1168,1041,11
2020,07.27,0,1168,1041,11
2020,07.28,8,1176,1041,11
2020,07.29,6,1182,1042,11
2020,07.30,5,1187,1049,11
2020,07.31,6,1193,1084,11
2020,08.01,0,1193,1084,11
2020,08.02,15,1208,1094,11
2020,08.03,5,1213,1099,11
2020,08.04,5,1218,1131,11
2020,08.05,6,1224,1155,11
2020,08.06,7,1231,1160,11
2020,08.07,1,1232,1171,11
2020,08.08,5,1237,1178,11
2020,08.09,9,1246,1178,11
2020,08.10,6,1252,1187,11
2020,08.11,16,1268,1187,11
2020,08.12,15,1283,1189,11
2020,08.13,37,1320,1222,11
2020,08.14,0,1320,1222,11
2020,08.15,9,1329,1229,11
2020,08.16,10,1339,1229,11
2020,08.17,39,1378,1236,11
2020,08.18,20,1398,1241,11
2020,08.19,40,1438,1243,11
2020,08.20,60,1498,1261,11
2020,08.21,0,1498,1261,11
2020,08.22,34,1532,1262,11
2020,08.23,77,1609,1320,12
2020,08.24,0,1609,1320,12
2020,08.25,107,1716,1344,14
2020,08.26,0,1716,1344,14
2020,08.27,85,1801,1364,15
2020,08.28,0,1801,1364,15
2020,08.29,68,1869,1367,15
2020,08.30,24,1893,1447,15
2020,08.31,141,2034,1508,15
2020,09.01,0,2034,1508,15
2020,09.02,63,2097,1564,15
2020,09.03,64,2161,1610,15
2020,09.04,72,2233,1648,16
2020,09.05,68,2301,1676,16
2020,09.06,52,2353,1700,16
2020,09.07,58,2411,1756,16
2020,09.08,67,2478,1817,17
2020,09.09,103,2581,1885,19
2020,09.10,158,2739,1981,20
2020,09.11,0,2739,1981,20
2020,09.12,206,2945,2084,21
2020,09.13,117,3062,2156,22
2020,09.14,252,3314,2206,24
2020,09.15,214,3528,2255,26
2020,09.16,149,3677,2311,26
2020,09.17,454,4131,2415,26
2020,09.18,213,4344,2511,29
2020,09.19,196,4540,2672,30
2020,09.20,239,4779,2844,30
2020,09.21,0,4779,2844,30
2020,09.22,266,5045,3527,32
2020,09.23,997,6042,3812,35
2020,09.24,0,6042,3812,35
2020,09.25,549,6591,3937,36
2020,09.26,1470,8061,4131,43
2020,09.27,431,8492,4222,45
2020,09.28,0,8492,4222,45
2020,09.29,734,9226,4359,51
2020,09.30,2599,11825,4626,61
2020,10.01,1276,13101,4752,69
2020,10.02,549,13650,4752,79
2020,10.03,0,13650,4929,79
2020,10.04,1990,15640,5240,101
2020,10.05,0,15640,5240,101
2020,10.06,1824,17464,5292,110
2020,10.07,2736,20200,5575,131
2020,10.08,0,20200,5575,131
2020,10.09,2563,22763,5906,166
2020,10.10,1235,23998,6045,181
2020,10.11,928,24926,6101,191
2020,10.12,1147,26073,6219,207
2020,10.13,0,26073,6219,207
2020,10.14,2054,28127,6361,225
2020,10.15,4882,33009,6565,282
2020,10.16,0,33009,6565,282
2020,10.17,1539,34548,6692,310
2020,10.18,3025,37573,6912,345
2020,10.19,0,37573,6912,345
2020,10.20,1364,38937,7006,380
2020,10.21,2035,40972,7123,414
2020,10.22,2648,43620,7223,443
2020,10.23,2821,46441,7340,481
2020,10.24,2489,48930,7449,508
2020,10.25,4157,53087,7508,579
2020,10.26,1968,55055,7508,624
2020,10.27,3800,58855,7508,668
2020,10.28,0,58855,7508,668
2020,10.29,6530,65385,7508,740
2020,10.30,0,65385,7508,740
2020,10.31,7222,72607,7600,829
2020,11.01,3259,75866,7740,866
2020,11.02,0,75866,7740,866
2020,11.03,5877,81743,7858,913
2020,11.04,4833,86576,7993,967
2020,11.05,4658,91234,8188,1029
2020,11.06,4630,95864,8336,1069
2020,11.07,8938,104802,8629,1181
2020,11.08,0,104802,8629,1181
2020,11.09,4519,109321,8808,1233
2020,11.10,5665,114986,9033,1295
2020,11.11,5996,120982,9249,1386
2020,11.12,5419,126401,9416,1467
2020,11.13,5685,132086,9564,1547
2020,11.14,9219,141305,9879,1704
2020,11.15,2373,143678,10067,1772
2020,11.16,0,143678,10067,1772
2020,11.17,5861,149539,10311,1843
2020,11.18,6454,155993,90267,1909
2020,11.19,13402,169395,100280,2053
2020,11.20,4940,174335,103834,2116
2020,11.21,0,174335,103834,2116
2020,11.22,3826,178161,108353,2172
2020,11.23,5268,183429,114018,2236
2020,11.24,4981,188410,120014,2302
2020,11.25,9611,198021,131181,2442
2020,11.26,5000,203021,135650,2509
2020,11.27,0,203021,135650,2509
2020,11.28,7688,210709,142710,2626
2020,11.29,0,210709,142710,2626
2020,11.30,8721,219430,155026,2751
2020,12.01,4187,223617,162959,2802
2020,12.02,3591,227208,168429,2854
2020,12.03,0,227208,168429,2854
2020,12.04,4029,231237,177195,2960
2020,12.05,6276,237513,182463,3010
2020,12.06,0,237513,182463,3010
2020,12.07,6556,244069,192033,3116
2020,12.08,0,244069,192033,3116
2020,12.09,3062,247131,197058,3162
2020,12.10,3088,250219,202058,3206
2020,12.11,2902,253121,209746,3286
2020,12.12,2338,255459,209746,3286
2020,12.13,1816,257275,213344,3335
2020,12.14,2339,259614,222654,3407
2020,12.15,5410,265024,226245,3437
2020,12.16,2561,267585,230274,3465
2020,12.17,0,267585,230274,3465
2020,12.18,2221,269806,233390,3496
2020,12.19,1708,271514,236550,3518
2020,12.20,1283,272797,239126,3545
2020,12.21,4651,277448,246168,3604
2020,12.22,0,277448,246168,3604
2020,12.23,2444,279892,249256,3627
2020,12.24,2091,281983,252158,3652
2020,12.25,1707,283690,254496,3681
2020,12.26,1616,285306,256312,3711
2020,12.27,1050,286356,258651,3729
2020,12.28,1590,287946,261514,3758
2020,12.29,1802,289748,264061,3778
2020,12.30,1645,291393,266622,3801
2020,12.31,1674,293067,268843,3815
2021,01.01,2698,295765,271834,3851
2021,01.02,0,295765,271834,3851
2021,01.03,903,296668,273986,3877
2021,01.04,1540,298208,276485,3903
2021,01.05,1623,299831,278929,3919
2021,01.06,1472,301303,281020,3940
2021,01.07,1553,302856,282727,3955
2021,01.08,1215,304071,284343,3968
2021,01.09,1092,305163,285393,3989
2021,01.10,796,305959,286983,4009
2021,01.11,1250,307209,288785,4024
2021,01.12,1461,308670,290430,4043
2021,01.13,1176,309846,292104,4076
2021,01.14,1122,310968,294802,4091
2021,01.15,1075,312043,294802,4107
2021,01.16,808,312851,295705,4121
2021,01.17,1663,314514,298868,4145
2021,01.18,0,314514,298868,4145
2021,01.19,1913,316427,301893,4170
2021,01.20,0,316427,303108,4170
2021,01.21,1754,318181,304200,4198
2021,01.22,0,318181,304200,4198
2021,01.23,730,318911,304996,4207
2021,01.24,608,319519,306246,4217
2021,01.25,934,320453,307707,4224
2021,01.26,845,321298,308883,4239
2021,01.27,1813,323111,311080,4262
2021,01.28,0,323111,311080,4262
2021,01.29,1058,324169,311888,4269
2021,01.30,864,325033,312594,4281
2021,01.31,1822,326855,314581,4316
2021,02.01,0,326855,314581,4316
2021,02.02,1207,328062,315464,4326
2021,02.03,1132,329194,316442,4334
2021,02.04,1280,330474,317218,4344
2021,02.05,2516,332990,318556,4362
2021,02.06,0,332990,318556,4362
2021,02.07,865,333855,319490,4369
2021,02.08,2984,336839,321278,4385
2021,02.09,0,336839,321278,4385
2021,02.10,1483,338322,322148,4395
2021,02.11,1855,340177,323206,4411
2021,02.12,1807,341984,324711,4433
2021,02.13,1579,343563,324711,4433
2021,02.14,1240,344803,327099,4444
2021,02.15,2447,347250,328231,4473
2021,02.16,2312,349562,328231,4473
2021,02.17,2657,352219,329511,4491
2021,02.18,2887,355106,330805,4503
2021,02.19,1638,356744,332027,4512
2021,02.20,867,357611,332892,4528
2021,02.21,2200,359811,334191,4543
2021,02.22,8467,368278,337359,4570
2021,02.23,4139,372417,339214,4589
2021,02.24,0,372417,339214,4589
2021,02.25,4024,376441,341021,4611
2021,02.26,3827,380268,342600,4627
2021,02.27,3644,383912,343840,4650
2021,02.28,2584,386496,346287,4675
2021,03.01,4594,391090,348599,4701
2021,03.02,6068,397158,351256,4727
2021,03.03,5124,402282,354143,4756
2021,03.04,5335,407617,355781,4793
2021,03.05,5733,413350,356648,4833
2021,03.06,8065,421415,362765,4900
2021,03.07,0,421415,362765,4900
2021,03.08,6302,427717,367315,4935
2021,03.09,7413,435130,371454,4987
2021,03.10,7072,442202,379305,5106
2021,03.11,6649,448851,379305,5106
2021,03.12,8300,457151,382949,5169
2021,03.13,7705,464856,385533,5224
2021,03.14,4144,469000,390127,5285
2021,03.15,17470,486470,401319,5428
2021,03.16,0,486470,401319,5428
2021,03.17,8910,495380,406654,5497
2021,03.18,9535,504915,412387,5553
2021,03.19,9192,514107,416971,5627
2021,03.20,12559,526666,426754,5788
2021,03.21,0,526666,426754,5788
2021,03.22,8789,535455,434167,5876
2021,03.23,18272,553727,447888,6077
2021,03.24,0,553727,447888,6077
2021,03.25,17563,571290,463893,6277
2021,03.26,0,571290,463893,6277
2021,03.27,6444,577734,476090,6472
2021,03.28,4399,582133,476090,6472
2021,03.29,7183,589316,485507,6554
2021,03.30,0,589316,485507,6554
2021,03.31,22261,611577,513144,6858
2021,04.01,0,611577,520498,6940
2021,04.02,6482,618059,520498,6940
2021,04.03,4774,622833,525703,7039
2021,04.04,4042,626875,534492,7130
2021,04.05,6032,632907,543761,7201
2021,04.06,12542,645449,561894,7383
2021,04.07,0,645449,561894,7383
2021,04.08,5232,650681,570327,7469
2021,04.09,4775,655456,576771,7565
2021,04.10,3794,659250,581170,7646
2021,04.11,3145,662395,588353,7708
2021,04.12,3340,665735,596293,7773
2021,04.13,6355,672090,610614,7937
2021,04.14,0,672090,610614,7937
2021,04.15,4085,676175,617096,7987
2021,04.16,2963,679138,621870,8057
2021,04.17,2732,681870,625912,8117
2021,04.18,1596,683466,631944,8178
2021,04.19,2507,685973,638481,8246
2021,04.20,3509,689482,644486,8308
2021,04.21,5908,695390,654493,8429
2021,04.22,0,695390,654493,8429
2021,04.23,2097,697487,658287,8474
2021,04.24,1677,699164,661432,8514
2021,04.25,1259,700423,664772,8563
2021,04.26,4117,704540,671127,8660
2021,04.27,0,704540,671127,8660
2021,04.28,1815,706355,675212,8707
2021,04.29,1910,708265,678175,8754
2021,04.30,1552,709817,680907,8801
2021,05.01,1556,711373,682503,8836
2021,05.02,704,712077,685010,8871
2021,05.03,824,712901,688519,8897
2021,05.04,1272,714173,691218,8925
2021,05.05,1530,715703,694427,8955
2021,05.06,2227,717930,696524,9014
2021,05.07,0,717930,698201,9014
2021,05.08,702,718632,701191,9047
2021,05.09,601,719233,701191,9076
2021,05.10,0,719233,703577,9076
2021,05.11,1765,720998,705392,9125
2021,05.12,855,721853,707302,9151
2021,05.13,901,722754,708854,9203
2021,05.14,0,722754,710410,9203
2021,05.15,0,722754,710445,9203
2021,05.16,0,722754,710445,9203
2021,05.17,1400,724154,710445,9259
2021,05.18,1104,725258,710445,9276
2021,05.19,1174,726432,710445,9295
2021,05.20,0,726432,710445,9295
2021,05.21,0,726432,710445,9295
2021,05.22,0,726432,710445,9295
2021,05.23,0,726432,710608,9295
2021,05.24,0,726432,711614,9295
2021,05.25,5004,731436,712458,9384
2021,05.26,0,731436,712929,9384
2021,05.27,0,731436,713331,9384
2021,05.28,2603,734039,713331,9423
2021,05.29,620,734659,713633,9436
2021,05.30,0,734659,714702,9436
2021,05.31,0,734659,714702,9436
2021,06.01,1875,736534,715796,9462
2021,06.02,750,737284,716960,9472
2021,06.03,1237,738521,718123,9500
2021,06.04,494,739015,719049,9509
2021,06.05,304,739319,719676,9516
2021,06.06,0,739319,720190,9516
2021,06.07,528,739847,721016,9530
2021,06.08,0,739847,721895,9530
2021,06.09,0,739847,722807,9530
2021,06.10,0,739847,723637,9530
2021,06.11,0,739847,724469,9530
2021,06.12,0,739847,725082,9530
2021,06.13,0,739847,725557,9530
2021,06.14,0,739847,726932,9530
2021,06.15,0,739847,726932,9530
2021,06.16,4530,744377,727670,9614
2021,06.17,989,745366,728886,9635
2021,06.18,301,745667,729368,9647
2021,06.19,311,745978,729663,9656
2021,06.20,0,745978,729663,9656
2021,06.21,502,746480,730185,9662
2021,06.22,1024,747504,731418,9683
2021,06.23,599,748103,732006,9693
2021,06.24,582,748685,732475,9703
2021,06.25,0,748685,732475,9703
2021,06.26,634,749319,733113,9718
2021,06.27,0,749319,733113,9718
2021,06.28,465,749784,733604,9727
2021,06.29,605,750389,734140,9737
2021,06.30,1015,751404,735094,9750
2021,07.01,533,751937,735610,9756
2021,07.02,458,752395,735907,9760
2021,07.03,222,752617,736431,9769
2021,07.04,575,753192,736699,9781
2021,07.05,584,753776,737215,9785
2021,07.06,505,754281,737709,9795
2021,07.07,646,754927,738303,9800
2021,07.08,553,755480,738873,9812
2021,07.09,468,755948,739228,9818
2021,07.10,0,755948,739228,9818
2021,07.11,406,756354,739493,9826
2021,07.12,1336,757690,740546,9843
2021,07.13,0,757690,740546,9843
2021,07.14,601,758291,741031,9855
2021,07.15,1395,759686,742065,9872
2021,07.16,475,760161,742516,9879
2021,07.17,0,760161,742516,9879
2021,07.18,1064,761225,743296,9896
2021,07.19,0,761225,743296,9896
2021,07.20,0,761225,743296,9896
2021,07.21,1481,762706,745005,9922
2021,07.22,0,762706,745005,9922
2021,07.23,731,763437,746015,9933
2021,07.24,0,763437,746015,9933
2021,07.25,485,763922,746406,9948
2021,07.26,1061,764983,746960,9963
2021,07.27,1131,766114,747719,9971
2021,07.28,2268,768382,749025,10000
2021,07.29,0,768382,749025,10000
2021,07.30,1008,769390,749676,10010
2021,07.31,1322,770712,750518,10032
2021,08.01,1041,771753,751177,10048
2021,08.02,0,771753,751177,10048
2021,08.03,1904,773657,752349,10071
2021,08.04,0,773657,752349,10071
2021,08.05,1594,775251,753006,10100
2021,08.06,0,775251,753006,10100
2021,08.07,531,775782,753006,10105
2021,08.08,396,776178,753006,10116
2021,08.09,986,777164,753006,10127
2021,08.10,929,778093,753006,10135
2021,08.11,926,779019,753006,10148
2021,08.12,511,779530,753006,10158
2021,08.13,1012,780542,753006,10173
2021,08.14,1010,781552,753006,10187
2021,08.15,658,782210,753006,10203
2021,08.16,1238,783448,753006,10213
2021,08.17,1183,784631,753006,10222
2021,08.18,1066,785697,753006,10239
2021,08.19,888,786585,753006,10252
2021,08.20,782,787367,753006,10264
2021,08.21,721,788088,753006,10273
2021,08.22,0,788088,753006,10273
2021,08.23,1386,789474,753006,10293
2021,08.24,976,790450,753006,10308
2021,08.25,1016,791466,753006,10320
2021,08.26,812,792278,753006,10338
2021,08.27,904,793182,753006,10350
2021,08.28,787,793969,753006,10358
