year,date,confirm_add,confirm,heal,dead
2020,03.13,1,1,0,0
2020,03.14,0,1,0,0
2020,03.15,2,3,0,0
2020,03.16,0,3,0,0
2020,03.17,1,4,0,0
2020,03.18,3,7,0,0
2020,03.19,0,7,0,0
2020,03.20,0,7,0,0
2020,03.21,0,7,0,0
2020,03.22,8,15,0,0
2020,03.23,1,16,0,0
2020,03.24,9,25,0,0
2020,03.25,12,28,0,0
2020,03.26,3,31,1,0
2020,03.27,0,31,1,1
2020,03.28,7,38,1,1
2020,03.29,4,42,1,1
2020,03.30,8,50,1,1
2020,03.31,9,59,1,1
2020,04.01,22,81,3,1
2020,04.02,29,110,4,3
2020,04.03,12,122,4,4
2020,04.04,4,126,4,4
2020,04.05,16,142,4,4
2020,04.06,16,158,4,6
2020,04.07,14,172,7,6
2020,04.08,7,179,9,6
2020,04.09,5,184,12,7
2020,04.10,5,189,22,7
2020,04.11,2,191,24,7
2020,04.12,6,197,25,8
2020,04.13,11,208,40,9
2020,04.14,0,208,40,9
2020,04.15,17,225,53,10
2020,04.16,9,234,53,11
2020,04.17,12,246,53,11
2020,04.18,16,262,60,12
2020,04.19,8,270,67,14
2020,04.20,11,281,69,14
2020,04.21,15,296,74,14
2020,04.22,7,303,74,14
2020,04.23,17,320,89,14
2020,04.24,16,336,94,14
2020,04.25,7,343,98,14
2020,04.26,12,355,106,14
2020,04.27,8,363,114,14
2020,04.28,11,374,124,14
2020,04.29,10,384,129,14
2020,04.30,12,396,144,17
2020,05.01,0,396,144,17
2020,05.02,39,435,152,22
2020,05.03,0,435,152,22
2020,05.04,55,490,173,24
2020,05.05,45,535,182,24
2020,05.06,47,582,190,26
2020,05.07,25,607,197,29
2020,05.08,14,621,202,29
2020,05.09,28,649,207,30
2020,05.10,23,672,239,32
2020,05.11,28,700,251,33
2020,05.12,15,715,259,36
2020,05.13,22,737,281,40
2020,05.14,21,758,284,42
2020,05.15,0,758,284,42
2020,05.16,72,830,301,50
2020,05.17,57,887,301,50
2020,05.18,25,912,336,50
2020,05.19,51,963,358,50
2020,05.20,66,1029,366,50
2020,05.21,0,1029,366,50
2020,05.22,132,1161,375,50
2020,05.23,31,1192,380,50
2020,05.24,22,1214,383,51
2020,05.25,72,1286,402,52
2020,05.26,62,1348,405,52
2020,05.27,123,1471,408,55
2020,05.28,147,1618,421,58
2020,05.29,127,1745,438,62
2020,05.30,143,1888,438,62
2020,05.31,74,1962,478,64
2020,06.01,59,2021,478,69
2020,06.02,72,2093,499,71
2020,06.03,0,2093,499,71
2020,06.04,247,2340,592,78
2020,06.05,134,2474,643,79
2020,06.06,0,2474,643,79
2020,06.07,293,2767,752,84
2020,06.08,105,2872,849,85
2020,06.09,117,2989,873,88
2020,06.10,0,2989,873,88
2020,06.11,226,3215,1092,92
2020,06.12,90,3305,1164,96
2020,06.13,0,3305,1164,96
2020,06.14,289,3594,1221,100
2020,06.15,133,3727,1286,104
2020,06.16,133,3860,1328,105
2020,06.17,0,3860,1328,105
2020,06.18,397,4257,1459,117
2020,06.19,117,4374,1550,119
2020,06.20,104,4478,1586,121
2020,06.21,0,4478,1586,121
2020,06.22,319,4797,1680,125
2020,06.23,155,4952,1782,128
2020,06.24,254,5206,1782,128
2020,06.25,178,5384,1857,132
2020,06.26,149,5533,1905,137
2020,06.27,278,5811,1936,141
2020,06.28,259,6070,1936,141
2020,06.29,120,6190,2013,144
2020,06.30,0,6190,2013,144
2020,07.01,483,6673,2089,149
2020,07.02,268,6941,2089,149
2020,07.03,247,7188,2109,154
2020,07.04,389,7577,2148,154
2020,07.05,309,7886,2287,160
2020,07.06,181,8067,2414,164
2020,07.07,183,8250,2504,167
2020,07.08,278,8528,2593,169
2020,07.09,447,8975,2657,173
2020,07.10,473,9448,2733,181
2020,07.11,278,9726,2832,184
2020,07.12,0,9726,2832,184
2020,07.13,568,10294,2946,197
2020,07.14,497,10791,3017,202
2020,07.15,461,11252,3068,209
2020,07.16,421,11673,3638,217
2020,07.17,389,12062,3983,222
2020,07.18,688,12750,4440,225
2020,07.19,0,12750,4440,225
2020,07.20,603,13353,5122,234
2020,07.21,418,13771,5616,238
2020,07.22,1034,14805,6757,260
2020,07.23,796,15601,6757,260
2020,07.24,0,15601,7135,263
2020,07.25,667,16268,7446,274
2020,07.26,375,16643,7574,278
2020,07.27,960,17603,7743,280
2020,07.28,372,17975,7833,285
2020,07.29,1150,19125,8021,311
2020,07.30,0,19125,8021,311
2020,07.31,1511,20636,8165,341
2020,08.01,727,21363,8419,364
2020,08.02,690,22053,8419,369
2020,08.03,544,22597,8740,382
2020,08.04,605,23202,9327,388
2020,08.05,671,23873,9930,391
2020,08.06,0,23873,9930,391
2020,08.07,538,24411,10444,399
2020,08.08,727,25138,11118,413
2020,08.09,699,25837,11899,418
2020,08.10,1091,26928,13495,423
2020,08.11,497,27425,13867,438
2020,08.12,0,27425,13867,438
2020,08.13,679,28104,14610,456
2020,08.14,1230,29334,15298,465
2020,08.15,515,29849,15970,472
2020,08.16,271,30120,16656,474
2020,08.17,245,30365,17160,482
2020,08.18,271,30636,17368,487
2020,08.19,0,30636,17368,487
2020,08.20,379,31015,17612,506
2020,08.21,748,31763,18157,532
2020,08.22,355,32118,18453,542
2020,08.23,246,32364,18670,548
2020,08.24,193,32557,18895,554
2020,08.25,246,32803,19055,559
2020,08.26,213,33016,19296,564
2020,08.27,373,33389,19368,567
2020,08.28,241,33630,19434,567
2020,08.29,164,33794,19590,572
2020,08.30,263,34057,19688,574
2020,08.31,144,34201,19893,577
2020,09.01,0,34201,19893,577
2020,09.02,292,34493,20211,581
2020,09.03,0,34493,20211,581
2020,09.04,391,34884,21059,589
2020,09.05,136,35020,21158,594
2020,09.06,83,35103,21230,597
2020,09.07,102,35205,21310,599
2020,09.08,0,35205,21310,599
2020,09.09,255,35460,21557,607
2020,09.10,0,35460,21557,607
2020,09.11,143,35603,22047,612
2020,09.12,190,35793,22442,616
2020,09.13,176,35969,22771,619
2020,09.14,188,36157,23067,622
2020,09.15,48,36205,23243,624
2020,09.16,96,36301,23364,634
2020,09.17,275,36576,23611,642
2020,09.18,148,36724,23709,646
2020,09.19,105,36829,23777,646
2020,09.20,152,36981,23887,648
2020,09.21,0,36981,23887,648
2020,09.22,98,37079,23949,650
2020,09.23,139,37218,24147,659
2020,09.24,130,37348,24253,664
2020,09.25,141,37489,24334,669
2020,09.26,218,37707,24504,682
2020,09.27,408,38115,24621,691
2020,09.28,0,38115,24621,691
2020,09.29,263,38378,24740,707
2020,09.30,151,38529,24908,711
2020,10.01,184,38713,24908,711
2020,10.02,210,38923,25114,725
2020,10.03,261,39184,25426,728
2020,10.04,243,39427,25659,731
2020,10.05,22,39449,25659,731
2020,10.06,137,39586,27331,743
2020,10.07,0,39586,27331,743
2020,10.08,592,40178,31710,751
2020,10.09,0,40178,31710,751
2020,10.10,980,41158,31876,760
2020,10.11,388,41546,32000,766
2020,10.12,73,41619,32000,777
2020,10.13,318,41937,31340,787
2020,10.14,0,41937,31340,787
2020,10.15,1206,43143,31508,805
2020,10.16,437,43580,31648,813
2020,10.17,616,44196,31752,825
2020,10.18,685,44881,31857,832
2020,10.19,195,45076,32084,839
2020,10.20,571,45647,32522,842
2020,10.21,497,46144,32760,858
2020,10.22,0,46144,32760,858
2020,10.23,1699,47843,33421,884
2020,10.24,0,47843,33421,884
2020,10.25,1878,49721,34209,902
2020,10.26,0,49721,34209,902
2020,10.27,1112,50833,34832,934
2020,10.28,0,50833,34832,934
2020,10.29,1018,51851,35258,950
2020,10.30,761,52612,35604,964
2020,10.31,1185,53797,35876,981
2020,11.01,1395,55192,35876,996
2020,11.02,685,55877,37194,1013
2020,11.03,724,56601,37442,1027
2020,11.04,492,57093,37846,1039
2020,11.05,1494,58587,38381,1051
2020,11.06,1008,59595,39193,1072
2020,11.07,1109,60704,40131,1093
2020,11.08,1784,62488,41931,1111
2020,11.09,0,62488,41931,1111
2020,11.10,756,63244,42659,1130
2020,11.11,1344,64588,43095,1154
2020,11.12,1216,65804,43626,1180
2020,11.13,919,66723,44040,1203
2020,11.14,1470,68193,44872,1228
2020,11.15,2052,70245,45766,1269
2020,11.16,0,70245,45766,1269
2020,11.17,1484,71729,47262,1302
2020,11.18,0,71729,47262,1302
2020,11.19,957,72686,49878,1313
2020,11.20,1459,74145,50658,1330
2020,11.21,1048,75193,50984,1349
2020,11.22,1211,76404,51352,1366
2020,11.23,968,77372,51507,1380
2020,11.24,1140,78512,51903,1409
2020,11.25,810,79322,52974,1417
2020,11.26,780,80102,53526,1427
2020,11.27,0,80102,53526,1427
2020,11.28,2503,82605,54399,1445
2020,11.29,0,82605,54399,1445
2020,11.30,711,83316,54975,1452
2020,12.01,302,83618,55344,1469
2020,12.02,551,84169,55610,1474
2020,12.03,961,85130,56464,1484
2020,12.04,1253,86383,67788,1500
2020,12.05,866,87249,68110,1506
2020,12.06,735,87984,68532,1518
2020,12.07,396,88380,68929,1526
2020,12.08,199,88579,69414,1531
2020,12.09,521,89100,70194,1552
2020,12.10,561,89661,70194,1552
2020,12.11,644,90305,71254,1568
2020,12.12,673,90978,71579,1582
2020,12.13,548,91526,72596,1586
2020,12.14,366,91892,73028,1587
2020,12.15,567,92459,73979,1604
2020,12.16,394,92853,74403,1614
2020,12.17,552,93405,74999,1618
2020,12.18,0,93405,74999,1618
2020,12.19,356,93761,75274,1629
2020,12.20,390,94151,75559,1633
2020,12.21,349,94500,75735,1639
2020,12.22,114,94614,76060,1644
2020,12.23,154,94768,76222,1647
2020,12.24,427,95195,76508,1648
2020,12.25,518,95713,76811,1653
2020,12.26,130,95843,76998,1655
2020,12.27,80,95923,77423,1658
2020,12.28,0,95923,77423,1658
2020,12.29,216,96139,77659,1665
2020,12.30,112,96251,78475,1667
2020,12.31,0,96251,78475,1667
2021,01.01,207,96458,78737,1670
2021,01.02,156,96614,78802,1681
2021,01.03,188,96802,79073,1685
2021,01.04,106,96908,79257,1686
2021,01.05,219,97127,79357,1690
2021,01.06,271,97398,79966,1694
2021,01.07,335,97733,80306,1702
2021,01.08,221,97954,80671,1703
2021,01.09,0,97954,80671,1703
2021,01.10,230,98184,80808,1704
2021,01.11,150,98334,81101,1713
2021,01.12,98,98432,81255,1716
2021,01.13,0,98432,81255,1716
2021,01.14,123,98555,81667,1720
2021,01.15,304,98859,82195,1726
2021,01.16,223,99082,83324,1728
2021,01.17,80,99162,83350,1731
2021,01.18,65,99227,82427,1734
2021,01.19,0,99227,82427,1734
2021,01.20,81,99308,82654,1734
2021,01.21,136,99444,82654,1736
2021,01.22,186,99630,82729,1739
2021,01.23,139,99769,82866,1740
2021,01.24,214,99983,82969,1744
2021,01.25,69,100052,83418,1744
2021,01.26,141,100193,83625,1750
2021,01.27,130,100323,83691,1751
2021,01.28,99,100422,83757,1753
2021,01.29,0,100422,83757,1753
2021,01.30,141,100563,83821,1753
2021,01.31,112,100675,83855,1755
2021,02.01,181,100856,83936,1766
2021,02.02,153,101009,83990,1766
2021,02.03,0,101009,83990,1766
2021,02.04,330,101339,84143,1773
2021,02.05,195,101534,84268,1776
2021,02.06,0,101534,84268,1776
2021,02.07,285,101819,84361,1779
2021,02.08,125,101944,84473,1786
2021,02.09,104,102048,84542,1789
2021,02.10,173,102221,84728,1791
2021,02.11,132,102353,84790,1794
2021,02.12,0,102353,84790,1794
2021,02.13,260,102613,84873,1794
2021,02.14,179,102792,84952,1795
2021,02.15,222,103014,85250,1795
2021,02.16,0,103014,85250,1795
2021,02.17,318,103332,85391,1801
2021,02.18,283,103615,85457,1807
2021,02.19,226,103841,85512,1813
2021,02.20,0,103841,85512,1813
2021,02.21,152,103993,85540,1817
2021,02.22,313,104306,85626,1827
2021,02.23,194,104500,85665,1837
2021,02.24,280,104780,86378,1839
2021,02.25,277,105057,86497,1847
2021,02.26,0,105057,86497,1847
2021,02.27,410,105467,86521,1853
2021,02.28,506,105973,86678,1856
2021,03.01,0,105973,86678,1856
2021,03.02,152,106125,86717,1859
2021,03.03,345,106470,86860,1863
2021,03.04,859,107329,87099,1870
2021,03.05,0,107329,87099,1870
2021,03.06,400,107729,87176,1873
2021,03.07,633,108362,87550,1874
2021,03.08,465,108827,87570,1876
2021,03.09,337,109164,87623,1879
2021,03.10,479,109643,87736,1886
2021,03.11,713,110356,87903,1898
2021,03.12,1579,111935,88209,1901
2021,03.13,0,111935,88209,1901
2021,03.14,870,112805,88326,1908
2021,03.15,1162,113967,88596,1918
2021,03.16,1064,115031,88781,1925
2021,03.17,0,115031,88781,1925
2021,03.18,1279,116310,89061,1937
2021,03.19,1225,117535,89203,1954
2021,03.20,1354,118889,89388,1982
2021,03.21,1274,120163,89508,1994
2021,03.22,747,120910,89622,2011
2021,03.23,1130,122040,90376,2023
2021,03.24,1127,123167,90586,2048
2021,03.25,1540,124707,90770,2066
2021,03.26,1463,126170,91268,2092
2021,03.27,2008,128178,91513,2098
2021,03.28,2036,130214,91754,2117
2021,03.29,0,130214,91754,2117
2021,03.30,0,130214,91754,2117
2021,03.31,0,130214,91754,2117
2021,04.01,3844,134058,92679,2153
2021,04.02,984,135042,93067,2167
2021,04.03,1851,136893,93430,2186
2021,04.04,1184,138077,93650,2206
2021,04.05,911,138988,94183,2224
2021,04.06,460,139448,94361,2244
2021,04.07,394,139842,96578,2258
2021,04.08,1523,141365,97194,2276
2021,04.09,1698,143063,97650,2292
2021,04.10,1091,144154,98183,2309
2021,04.11,1030,145184,98605,2330
2021,04.12,486,145670,99095,2348
2021,04.13,486,146156,99210,2368
2021,04.14,991,147147,99580,2394
2021,04.15,981,148128,99580,2420
2021,04.16,1091,149219,99580,2424
2021,04.17,1041,150260,99580,2443
2021,04.18,1027,151287,101362,2463
2021,04.19,366,151653,101642,2481
2021,04.20,241,151894,102278,2501
2021,04.21,629,152523,103838,2519
2021,04.22,965,153488,105279,2540
2021,04.23,904,154392,105367,2560
2021,04.24,773,155165,106093,2583
2021,04.25,1153,156318,106093,2603
2021,04.26,469,156787,106588,2622
2021,04.27,194,156981,106836,2643
2021,04.28,511,157492,106836,2665
2021,04.29,834,158326,107882,2688
2021,04.30,495,158821,108124,2707
2021,05.01,497,159318,108565,2724
2021,05.02,1104,160422,108861,2763
2021,05.03,0,160422,108861,2763
2021,05.04,137,160559,109077,2781
2021,05.05,345,160904,109217,2805
2021,05.06,489,161393,109769,2825
2021,05.07,705,162098,110480,2850
2021,05.08,568,162666,110653,2865
2021,05.09,572,163238,111129,2883
2021,05.10,316,163554,111191,2895
2021,05.11,66,163620,112298,2907
2021,05.12,356,163976,113057,2928
2021,05.13,410,164386,113124,2950
2021,05.14,334,164720,113248,2968
2021,05.15,392,165112,113432,2976
2021,05.16,267,165379,113489,3001
2021,05.17,86,165465,113612,3003
2021,05.18,72,165537,113874,3013
2021,05.19,469,166006,113917,3021
2021,05.20,376,166382,114235,3035
2021,05.21,494,166876,114285,3040
2021,05.22,659,167535,114394,3043
2021,05.23,573,168108,114452,3049
2021,05.24,435,168543,114679,3073
2021,05.25,0,168543,114679,3073
2021,05.26,813,169356,115844,3097
2021,05.27,0,169356,115844,3097
2021,05.28,341,169697,115988,3108
2021,05.29,344,170041,116018,3124
2021,05.30,606,170647,116776,3157
2021,05.31,0,170647,116776,3157
2021,06.01,88,170735,116847,3172
2021,06.02,349,171084,117023,3188
2021,06.03,142,171226,117039,3206
2021,06.04,432,171658,117345,3223
2021,06.05,284,171942,117469,3240
2021,06.06,383,172325,117502,3264
2021,06.07,166,172491,117595,3287
2021,06.08,148,172639,118226,3308
2021,06.09,433,173072,118621,3326
2021,06.10,589,173661,118933,3345
2021,06.11,624,174285,119246,3362
2021,06.12,488,174773,119589,3378
2021,06.13,403,175176,120031,3396
2021,06.14,161,175337,120208,3410
2021,06.15,344,175681,120359,3421
2021,06.16,456,176137,120894,3428
2021,06.17,485,176622,121206,3428
2021,06.18,1456,178078,122346,3437
2021,06.19,0,178078,122346,3437
2021,06.20,714,178792,122631,3447
2021,06.21,283,179075,122704,3456
2021,06.22,218,179293,122965,3461
2021,06.23,583,179876,123050,3484
2021,06.24,622,180498,123363,3514
2021,06.25,741,181239,123462,3538
2021,06.26,646,181885,123853,3556
2021,06.27,508,182393,124392,3574
2021,06.28,204,182597,124436,3595
2021,06.29,287,182884,124588,3612
2021,06.30,719,183603,125388,3621
2021,07.01,558,184161,125684,3634
2021,07.02,376,184537,126594,3640
2021,07.03,523,185060,126680,3651
2021,07.04,531,185591,126956,3671
2021,07.05,277,185868,127625,3675
2021,07.06,185,186053,128811,3690
2021,07.07,400,186453,129165,3697
2021,07.08,506,186959,129165,3705
2021,07.09,566,187525,131099,3716
2021,07.10,452,187977,177783,3718
2021,07.11,536,188513,178119,3721
2021,07.12,241,188754,179520,3722
2021,07.13,188,188942,179861,3723
2021,07.14,761,189703,180624,3732
2021,07.15,480,190183,180624,3737
2021,07.16,837,191020,180624,3746
2021,07.17,692,191712,180624,3754
2021,07.18,723,192435,181682,3760
2021,07.19,323,192758,182326,3775
2021,07.20,431,193189,182921,3783
2021,07.21,618,193807,183211,3800
2021,07.22,503,194310,183980,3811
2021,07.23,801,195111,184461,3826
2021,07.24,787,195898,184885,3838
2021,07.25,847,196745,185762,3849
2021,07.26,664,197409,185808,3865
2021,07.27,550,197959,186594,3872
2021,07.28,1982,199941,187824,3895
2021,07.29,0,199941,187824,3895
2021,07.30,1068,201009,188222,3910
2021,07.31,945,201954,188438,3926
2021,08.01,1259,203213,188936,3931
2021,08.02,467,203680,189131,3946
2021,08.03,591,204271,189692,3970
2021,08.04,2420,206691,191188,4025
2021,08.05,0,206691,191188,4025
2021,08.06,1571,208262,191188,4057
2021,08.07,1561,209823,191188,4088
2021,08.08,1205,211028,191188,4117
2021,08.09,800,211828,191188,4149
2021,08.10,1928,213756,191188,4211
2021,08.11,0,213756,191188,4211
2021,08.12,3520,217276,191188,4273
2021,08.13,1437,218713,191188,4302
2021,08.14,1225,219938,191188,4319
2021,08.15,789,220727,191188,4340
2021,08.16,0,220727,191188,4340
2021,08.17,679,221406,191188,4350
2021,08.18,1488,222894,191188,4354
2021,08.19,2769,225663,191188,4404
2021,08.20,1414,227077,191188,4435
2021,08.21,1286,228363,191188,4467
2021,08.22,0,228363,191188,4467
2021,08.23,646,229009,191188,4497
2021,08.24,619,229628,191188,4528
2021,08.25,1166,230794,191188,4564
2021,08.26,1258,232052,191188,4600
2021,08.27,817,232869,191188,4635
2021,08.28,932,233801,191188,4666
