year,date,confirm_add,confirm,heal,dead
2020,03.13,1,1,0,0
2020,03.14,0,1,0,1
2020,03.15,0,1,0,1
2020,03.16,0,1,0,1
2020,03.17,0,1,0,1
2020,03.18,0,1,0,1
2020,03.19,1,2,0,1
2020,03.20,0,2,0,1
2020,03.21,0,2,0,1
2020,03.22,0,2,0,1
2020,03.23,0,2,0,1
2020,03.24,1,3,0,1
2020,03.25,0,3,0,1
2020,03.26,0,3,0,1
2020,03.27,0,3,0,1
2020,03.28,2,5,0,1
2020,03.29,0,5,0,1
2020,03.30,1,6,0,1
2020,03.31,1,7,1,2
2020,04.01,0,7,1,2
2020,04.02,0,7,2,2
2020,04.03,1,8,2,2
2020,04.04,2,10,2,2
2020,04.05,0,10,2,2
2020,04.06,2,12,2,2
2020,04.07,2,14,2,2
2020,04.08,0,14,2,2
2020,04.09,0,14,2,2
2020,04.10,1,15,2,2
2020,04.11,4,19,2,2
2020,04.12,0,19,2,2
2020,04.13,0,19,4,2
2020,04.14,10,29,4,4
2020,04.15,3,32,4,5
2020,04.16,0,32,4,5
2020,04.17,0,32,4,5
2020,04.18,34,66,6,10
2020,04.19,0,66,6,10
2020,04.20,26,92,8,12
2020,04.21,15,107,8,12
2020,04.22,33,140,8,13
2020,04.23,22,162,14,13
2020,04.24,12,174,14,16
2020,04.25,0,174,14,16
2020,04.26,63,237,20,21
2020,04.27,38,275,21,22
2020,04.28,43,318,21,22
2020,04.29,0,318,31,25
2020,04.30,57,375,32,28
2020,05.01,67,442,39,31
2020,05.02,91,533,46,36
2020,05.03,59,592,52,41
2020,05.04,86,678,61,41
2020,05.05,100,778,70,45
2020,05.06,74,852,80,45
2020,05.07,78,930,92,52
2020,05.08,0,930,92,52
2020,05.09,181,1111,102,59
2020,05.10,53,1164,119,64
2020,05.11,201,1365,149,70
2020,05.12,161,1526,161,74
2020,05.13,135,1661,173,80
2020,05.14,157,1818,198,90
2020,05.15,146,1964,205,91
2020,05.16,0,1964,205,91
2020,05.17,325,2289,222,97
2020,05.18,302,2591,247,105
2020,05.19,0,2591,247,105
2020,05.20,137,2728,286,111
2020,05.21,410,3138,309,121
2020,05.22,0,3138,309,121
2020,05.23,240,3378,372,137
2020,05.24,250,3628,424,146
2020,05.25,192,3820,458,165
2020,05.26,156,3976,503,170
2020,05.27,170,4146,588,184
2020,05.28,200,4346,749,195
2020,05.29,0,4346,749,195
2020,05.30,175,4521,816,233
2020,05.31,279,4800,1272,262
2020,06.01,226,5026,1423,286
2020,06.02,147,5173,1522,298
2020,06.03,0,5173,1522,298
2020,06.04,326,5499,1711,314
2020,06.05,215,5714,1825,333
2020,06.06,151,5865,1924,347
2020,06.07,216,6081,2014,359
2020,06.08,0,6081,2014,359
2020,06.09,161,6242,2059,372
2020,06.10,185,6427,2127,389
2020,06.11,155,6582,2202,401
2020,06.12,148,6730,2278,413
2020,06.13,149,6879,2416,433
2020,06.14,128,7007,2556,447
2020,06.15,213,7220,2610,459
2020,06.16,215,7435,2720,468
2020,06.17,305,7740,2820,477
2020,06.18,280,8020,2966,487
2020,06.19,0,8020,2966,487
2020,06.20,296,8316,3086,506
2020,06.21,264,8580,3325,521
2020,06.22,118,8698,3460,533
2020,06.23,0,8698,3460,533
2020,06.24,191,8889,3699,548
2020,06.25,0,8889,3699,548
2020,06.26,195,9084,3912,559
2020,06.27,173,9257,4014,572
2020,06.28,0,9257,4014,572
2020,06.29,0,9257,4014,572
2020,06.30,0,9257,4014,572
2020,07.01,0,9257,4014,572
2020,07.02,316,9573,4606,602
2020,07.03,90,9663,4624,604
2020,07.04,0,9663,4624,604
2020,07.05,104,9767,4673,608
2020,07.06,0,9767,4673,608
2020,07.07,127,9894,4899,616
2020,07.08,103,9997,5034,622
2020,07.09,87,10084,5074,636
2020,07.10,120,10204,5277,649
2020,07.11,0,10204,5277,649
2020,07.12,46,10250,5341,650
2020,07.13,0,10250,5341,650
2020,07.14,66,10316,5403,657
2020,07.15,101,10417,5579,659
2020,07.16,110,10527,5601,668
2020,07.17,0,10527,5601,668
2020,07.18,155,10682,5637,673
2020,07.19,0,10682,5637,673
2020,07.20,310,10992,5707,693
2020,07.21,0,10992,5707,693
2020,07.22,0,10992,5707,693
2020,07.23,245,11237,5835,708
2020,07.24,65,11302,5855,715
2020,07.25,0,11302,5855,715
2020,07.26,83,11385,5890,717
2020,07.27,0,11385,5890,717
2020,07.28,111,11496,6001,725
2020,07.29,0,11496,6001,725
2020,07.30,0,11496,6001,725
2020,07.31,0,11496,6001,725
2020,08.01,148,11644,6119,746
2020,08.02,94,11738,6137,752
2020,08.03,0,11738,6137,752
2020,08.04,42,11780,6194,763
2020,08.05,0,11780,6194,763
2020,08.06,0,11780,6194,763
2020,08.07,0,11780,6194,763
2020,08.08,114,11894,6243,773
2020,08.09,0,11894,6243,773
2020,08.10,62,11956,6266,781
2020,08.11,77,12033,6282,786
2020,08.12,0,12033,6282,786
2020,08.13,82,12115,6305,792
2020,08.14,47,12162,6325,793
2020,08.15,49,12211,6340,796
2020,08.16,103,12314,6350,798
2020,08.17,96,12410,6385,803
2020,08.18,75,12485,6398,805
2020,08.19,61,12546,6429,808
2020,08.20,36,12582,6456,812
2020,08.21,41,12623,6476,812
2020,08.22,0,12623,6476,812
2020,08.23,59,12682,6492,815
2020,08.24,154,12836,6497,815
2020,08.25,138,12974,6557,819
2020,08.26,0,12974,6557,819
2020,08.27,71,13045,6594,823
2020,08.28,0,13045,6594,823
2020,08.29,144,13189,6612,823
2020,08.30,0,13189,6612,823
2020,08.31,0,13189,6612,823
2020,09.01,0,13189,6612,823
2020,09.02,0,13189,6612,823
2020,09.03,0,13189,6612,823
2020,09.04,0,13189,6612,823
2020,09.05,0,13189,6612,823
2020,09.06,218,13407,6725,832
2020,09.07,30,13437,6730,833
2020,09.08,0,13437,6730,833
2020,09.09,0,13437,6730,833
2020,09.10,0,13437,6730,833
2020,09.11,0,13437,6730,833
2020,09.12,33,13470,6731,834
2020,09.13,0,13470,6731,834
2020,09.14,46,13516,6757,835
2020,09.15,19,13535,6759,836
2020,09.16,0,13535,6759,836
2020,09.17,0,13535,6759,836
2020,09.18,0,13535,6759,836
2020,09.19,0,13535,6759,836
2020,09.20,0,13535,6759,836
2020,09.21,20,13555,6760,836
2020,09.22,0,13555,6760,836
2020,09.23,23,13578,6760,836
2020,09.24,0,13578,6760,836
2020,09.25,14,13592,6764,836
2020,09.26,0,13592,6764,836
2020,09.27,14,13606,6764,836
2020,09.28,0,13606,6764,836
2020,09.29,0,13606,6764,836
2020,09.30,34,13640,6764,836
2020,10.01,0,13640,6764,836
2020,10.02,13,13653,6764,836
2020,10.03,0,13653,6764,836
2020,10.04,0,13653,6764,836
2020,10.05,0,13653,6764,836
2020,10.06,0,13653,6764,836
2020,10.07,0,13653,6764,836
2020,10.08,15,13668,6764,836
2020,10.09,2,13670,6764,836
2020,10.10,0,13670,6764,836
2020,10.11,0,13670,6764,836
2020,10.12,15,13685,6764,836
2020,10.13,6,13691,6764,836
2020,10.14,0,13691,6764,836
2020,10.15,0,13691,6764,836
2020,10.16,0,13691,6764,836
2020,10.17,0,13691,6764,836
2020,10.18,0,13691,6764,836
2020,10.19,6,13697,6764,836
2020,10.20,27,13724,6764,836
2020,10.21,0,13724,6764,836
2020,10.22,0,13724,6764,836
2020,10.23,0,13724,6764,836
2020,10.24,0,13724,6764,836
2020,10.25,18,13742,6764,837
2020,10.26,0,13742,6764,837
2020,10.27,5,13747,6764,837
2020,10.28,0,13747,6764,837
2020,10.29,18,13765,6764,837
2020,10.30,7,13772,6764,837
2020,10.31,32,13804,6764,837
2020,11.01,0,13804,6764,837
2020,11.02,15,13819,6764,837
2020,11.03,47,13866,6764,837
2020,11.04,39,13905,6764,837
2020,11.05,38,13943,6764,837
2020,11.06,0,13943,6764,837
2020,11.07,0,13943,6764,837
2020,11.08,0,13943,6764,837
2020,11.09,147,14090,9484,1115
2020,11.10,65,14155,9492,1116
2020,11.11,0,14155,9492,1116
2020,11.12,191,14346,9525,1116
2020,11.13,55,14401,9535,1116
2020,11.14,0,14401,9535,1116
2020,11.15,225,14626,9571,1116
2020,11.16,0,14626,9571,1116
2020,11.17,421,15047,9609,1175
2020,11.18,0,15047,9609,1175
2020,11.19,0,15047,9609,1175
2020,11.20,252,15299,9670,1179
2020,11.21,231,15530,9682,1185
2020,11.22,309,15839,9727,1193
2020,11.23,213,16052,9737,1197
2020,11.24,379,16431,9854,1202
2020,11.25,0,16431,9854,1202
2020,11.26,218,16649,9908,1210
2020,11.27,215,16864,9964,1215
2020,11.28,0,16864,9964,1215
2020,11.29,540,17404,10175,1235
2020,11.30,0,17404,10175,1235
2020,12.01,406,17810,10302,1249
2020,12.02,235,18045,10369,1255
2020,12.03,209,18254,10493,1265
2020,12.04,281,18535,10672,1271
2020,12.05,661,19196,10942,1290
2020,12.06,0,19196,10942,1290
2020,12.07,272,19468,11021,1295
2020,12.08,279,19747,11184,1301
2020,12.09,337,20084,11344,1307
2020,12.10,384,20468,11673,1319
2020,12.11,0,20468,11673,1319
2020,12.12,376,20844,11855,1340
2020,12.13,303,21147,12227,1344
2020,12.14,239,21386,12313,1347
2020,12.15,205,21591,12452,1355
2020,12.16,273,21864,12667,1372
2020,12.17,401,22265,12873,1408
2020,12.18,0,22265,12873,1408
2020,12.19,356,22621,13024,1425
2020,12.20,0,22621,13024,1425
2020,12.21,342,22963,13260,1450
2020,12.22,353,23316,13524,1468
2020,12.23,0,23316,13524,1468
2020,12.24,0,23316,13524,1468
2020,12.25,0,23316,13524,1468
2020,12.26,0,23316,13524,1468
2020,12.27,0,23316,13524,1468
2020,12.28,0,23316,13524,1468
2020,12.29,0,23316,13524,1468
2020,12.30,0,23316,13524,1468
2020,12.31,0,23316,13524,1468
2021,01.01,0,23316,13524,1468
2021,01.02,0,23316,13524,1468
2021,01.03,0,23316,13524,1468
2021,01.04,0,23316,13524,1468
2021,01.05,0,23316,13524,1468
2021,01.06,0,23316,13524,1468
2021,01.07,0,23316,13524,1468
2021,01.08,0,23316,13524,1468
2021,01.09,0,23316,13524,1468
2021,01.10,0,23316,13524,1468
2021,01.11,0,23316,13524,1468
2021,01.12,0,23316,13524,1468
2021,01.13,1378,24694,14424,1520
2021,01.14,1036,25730,15240,1576
2021,01.15,0,25730,15240,1576
2021,01.16,0,25730,15240,1576
2021,01.17,0,25730,15240,1576
2021,01.18,549,26279,15688,1603
2021,01.19,0,26279,15688,1603
2021,01.20,0,26279,15688,1603
2021,01.21,0,26279,15688,1603
2021,01.22,0,26279,15688,1603
2021,01.23,0,26279,15688,1603
2021,01.24,0,26279,15688,1603
2021,01.25,0,26279,15688,1603
2021,01.26,247,26526,19884,1738
2021,01.27,2468,28994,20680,1750
2021,01.28,72,29066,20936,1760
2021,01.29,225,29291,21155,1798
2021,01.30,0,29291,21155,1798
2021,01.31,89,29380,21300,1804
2021,02.01,69,29449,21410,1807
2021,02.02,39,29488,21504,1812
2021,02.03,48,29536,21614,1829
2021,02.04,41,29577,21695,1830
2021,02.05,57,29634,21794,1831
2021,02.06,0,29634,21794,1831
2021,02.07,0,29634,21794,1831
2021,02.08,131,29765,21986,1835
2021,02.09,86,29851,22052,1835
2021,02.10,0,29851,22052,1835
2021,02.11,82,29933,22208,1849
2021,02.12,0,29933,22208,1849
2021,02.13,0,29933,22208,1849
2021,02.14,0,29933,22208,1849
2021,02.15,0,29933,22208,1849
2021,02.16,119,30052,22485,1858
2021,02.17,26,30078,22523,1863
2021,02.18,37,30115,22606,1864
2021,02.19,0,30115,22638,1864
2021,02.20,13,30128,22638,1864
2021,02.21,0,30128,22638,1864
2021,02.22,0,30128,22638,1864
2021,02.23,77,30205,22797,1871
2021,02.24,31,30236,22823,1876
2021,02.25,0,30236,22823,1876
2021,02.26,48,30284,22844,1878
2021,02.27,32,30316,22863,1878
2021,02.28,31,30347,22887,1880
2021,03.01,17,30364,22907,1880
2021,03.02,53,30417,22975,1890
2021,03.03,62,30479,23084,1895
2021,03.04,0,30479,23084,1895
2021,03.05,0,30479,23084,1895
2021,03.06,0,30479,23084,1895
2021,03.07,61,30540,23156,1895
2021,03.08,0,30540,23156,1895
2021,03.09,0,30540,23268,1915
2021,03.10,146,30686,23268,1915
2021,03.11,0,30686,23268,1915
2021,03.12,187,30873,23397,1940
2021,03.13,0,30873,23397,1940
2021,03.14,0,30873,23397,1940
2021,03.15,0,30873,23397,1940
2021,03.16,116,30989,23583,1959
2021,03.17,0,30989,23583,1959
2021,03.18,0,30989,23583,1959
2021,03.19,0,30989,23583,1959
2021,03.20,0,30989,23583,1959
2021,03.21,0,30989,23583,1959
2021,03.22,158,31147,23725,1986
2021,03.23,0,31147,23725,1986
2021,03.24,135,31282,23858,2003
2021,03.25,125,31407,23990,2028
2021,03.26,0,31407,23990,2028
2021,03.27,0,31407,23990,2028
2021,03.28,0,31407,23990,2028
2021,03.29,0,31407,23990,2028
2021,03.30,0,31407,23990,2028
2021,03.31,426,31833,24214,2063
2021,04.01,0,31833,24214,2063
2021,04.02,0,31833,24214,2063
2021,04.03,0,31833,24214,2063
2021,04.04,0,31833,24214,2063
2021,04.05,0,31833,24214,2063
2021,04.06,0,31833,24214,2063
2021,04.07,0,31833,24214,2063
2021,04.08,0,31833,24214,2063
2021,04.09,0,31833,24214,2063
2021,04.10,0,31833,24214,2063
2021,04.11,0,31833,24214,2063
2021,04.12,0,31833,24214,2063
2021,04.13,0,31833,24214,2063
2021,04.14,1099,32932,25451,2194
2021,04.15,0,32932,25539,2208
2021,04.16,90,33022,25539,2208
2021,04.17,0,33022,25539,2208
2021,04.18,0,33022,25539,2208
2021,04.19,0,33022,25539,2208
2021,04.20,61,33083,26087,2281
2021,04.21,74,33157,26248,2287
2021,04.22,442,33599,26324,2289
2021,04.23,74,33673,26411,2300
2021,04.24,0,33673,26411,2300
2021,04.25,0,33673,26411,2300
2021,04.26,0,33673,26411,2300
2021,04.27,218,33891,26722,2340
2021,04.28,53,33944,26795,2349
2021,04.29,0,33944,26795,2349
2021,04.30,0,33944,26795,2349
2021,05.01,0,33944,26795,2349
2021,05.02,0,33944,26795,2349
2021,05.03,0,33944,26795,2349
2021,05.04,0,33944,26795,2349
2021,05.05,138,34082,27247,2365
2021,05.06,379,34461,27247,2365
2021,05.07,0,34461,27247,2365
2021,05.08,0,34461,27247,2365
2021,05.09,0,34461,27247,2365
2021,05.10,0,34461,27247,2365
2021,05.11,428,34889,27949,2446
2021,05.12,0,34889,27949,2446
2021,05.13,0,34889,27949,2446
2021,05.14,0,34889,27949,2446
2021,05.15,0,34889,27949,2446
2021,05.16,0,34889,27949,2446
2021,05.17,0,34889,27949,2446
2021,05.18,0,34889,27949,2446
2021,05.19,0,34889,27949,2446
2021,05.20,0,34889,27949,2446
2021,05.21,0,34889,27949,2568
2021,05.22,0,34889,27949,2568
2021,05.23,0,34889,27949,2568
2021,05.24,0,34889,27949,2568
2021,05.25,0,34889,27949,2600
2021,05.26,0,34889,27949,2600
2021,05.27,0,34889,27949,2600
2021,05.28,400,35289,27949,2600
2021,05.29,0,35289,27949,2600
2021,05.30,0,35289,27949,2600
2021,05.31,0,35289,29270,2630
2021,06.01,223,35512,29307,2631
2021,06.02,25,35537,29364,2662
2021,06.03,119,35656,29364,2662
2021,06.04,0,35656,29364,2662
2021,06.05,0,35656,29364,2662
2021,06.06,0,35656,29364,2662
2021,06.07,348,36004,29716,2697
2021,06.08,0,36004,29716,2697
2021,06.09,118,36122,29812,2711
2021,06.10,81,36203,29841,2719
2021,06.11,0,36203,29841,2719
2021,06.12,0,36203,29841,2719
2021,06.13,0,36203,29994,2732
2021,06.14,101,36304,29994,2732
2021,06.15,0,36304,29994,2732
2021,06.16,0,36304,29994,2732
2021,06.17,43,36347,30062,2737
2021,06.18,0,36347,30062,2737
2021,06.19,0,36347,30062,2737
2021,06.20,0,36347,30062,2737
2021,06.21,0,36347,30062,2737
2021,06.22,0,36347,30062,2737
2021,06.23,175,36522,30370,2748
2021,06.24,36,36558,30404,2750
2021,06.25,16,36574,30423,2750
2021,06.26,0,36574,30423,2750
2021,06.27,0,36574,30423,2750
2021,06.28,0,36574,30487,2754
2021,06.29,46,36620,30516,2754
2021,06.30,38,36658,30516,2754
2021,07.01,0,36658,30516,2754
2021,07.02,0,36658,30543,2760
2021,07.03,0,36658,30543,2760
2021,07.04,0,36658,30543,2760
2021,07.05,51,36709,30543,2760
2021,07.06,90,36799,30608,2760
2021,07.07,6,36805,30647,2760
2021,07.08,0,36805,30647,2760
2021,07.09,0,36805,30647,2760
2021,07.10,0,36805,30647,2760
2021,07.11,0,36805,30647,2760
2021,07.12,0,36805,30647,2760
2021,07.13,0,36805,30647,2760
2021,07.14,0,36805,30647,2760
2021,07.15,181,36986,30647,2774
2021,07.16,0,36986,30647,2774
2021,07.17,0,36986,30647,2776
2021,07.18,0,36986,30647,2776
2021,07.19,152,37138,30647,2776
2021,07.20,0,37138,30647,2776
2021,07.21,0,37138,30647,2776
2021,07.22,0,37138,30647,2776
2021,07.23,0,37138,30647,2776
2021,07.24,0,37138,30647,2776
2021,07.25,0,37138,30647,2776
2021,07.26,0,37138,30647,2776
2021,07.27,0,37138,30647,2776
2021,07.28,0,37138,30647,2776
2021,07.29,0,37138,30647,2776
2021,07.30,0,37138,30647,2776
2021,07.31,0,37138,30647,2776
2021,08.01,0,37138,30647,2776
2021,08.02,0,37138,30647,2776
2021,08.03,0,37138,30647,2776
2021,08.04,0,37138,30647,2776
2021,08.05,0,37138,30647,2776
2021,08.06,0,37138,30647,2776
2021,08.07,0,37138,30647,2776
2021,08.08,0,37138,30647,2776
2021,08.09,0,37138,30647,2776
2021,08.10,0,37138,30647,2776
2021,08.11,390,37528,30647,2776
2021,08.12,0,37528,30647,2776
2021,08.13,4,37532,30647,2804
2021,08.14,11,37543,30647,2804
2021,08.15,0,37543,30647,2804
2021,08.16,13,37556,30647,2813
2021,08.17,0,37556,30647,2816
2021,08.18,0,37556,30647,2816
2021,08.19,60,37616,30647,2818
2021,08.20,0,37616,30647,2820
2021,08.21,4,37620,30647,2820
2021,08.22,0,37620,30647,2820
2021,08.23,0,37620,30647,2822
2021,08.24,19,37639,30647,2826
2021,08.25,9,37648,30647,2828
2021,08.26,14,37662,30647,2828
2021,08.27,36,37698,30647,2831
2021,08.28,1,37699,30647,2831
