year,date,confirm_add,confirm,heal,dead
2020,04.03,0,3,0,0
2020,04.04,1,4,0,0
2020,04.05,0,4,0,0
2020,04.06,1,5,0,0
2020,04.07,3,8,0,1
2020,04.08,0,8,0,1
2020,04.09,0,8,0,1
2020,04.10,1,9,0,1
2020,04.11,3,12,0,2
2020,04.12,1,13,0,2
2020,04.13,3,16,0,2
2020,04.14,0,16,0,2
2020,04.15,0,16,0,2
2020,04.16,0,16,0,2
2020,04.17,1,17,0,2
2020,04.18,0,17,3,2
2020,04.19,0,17,3,2
2020,04.20,0,17,3,2
2020,04.21,1,18,3,2
2020,04.22,5,23,3,3
2020,04.23,10,33,3,3
2020,04.24,0,33,3,3
2020,04.25,0,33,4,3
2020,04.26,1,34,4,3
2020,04.27,2,36,4,3
2020,04.28,0,36,4,3
2020,04.29,0,36,5,3
2020,04.30,1,37,7,3
2020,05.01,0,37,7,3
2020,05.02,0,37,9,3
2020,05.03,1,38,9,3
2020,05.04,3,41,9,3
2020,05.05,0,41,9,3
2020,05.06,2,43,9,3
2020,05.07,0,43,9,3
2020,05.08,0,43,14,3
2020,05.09,13,56,14,3
2020,05.10,0,56,14,3
2020,05.11,0,56,14,3
2020,05.12,1,57,24,3
2020,05.13,6,63,24,3
2020,05.14,0,63,24,3
2020,05.15,0,63,24,3
2020,05.16,0,63,24,3
2020,05.17,2,65,24,3
2020,05.18,5,70,27,3
2020,05.19,0,70,27,3
2020,05.20,1,71,27,3
2020,05.21,0,71,27,3
2020,05.22,1,72,27,3
2020,05.23,10,82,28,3
2020,05.24,0,82,28,4
2020,05.25,19,101,33,4
2020,05.26,0,101,37,4
2020,05.27,0,101,37,4
2020,05.28,102,203,37,4
2020,05.29,0,203,42,4
2020,05.30,70,273,42,4
2020,05.31,6,279,42,4
2020,06.01,5,284,42,4
2020,06.02,52,336,42,4
2020,06.03,22,358,42,4
2020,06.04,11,369,51,4
2020,06.05,24,393,51,4
2020,06.06,16,409,55,4
2020,06.07,0,409,55,4
2020,06.08,29,438,55,4
2020,06.09,5,443,55,4
2020,06.10,12,455,55,4
2020,06.11,0,455,55,4
2020,06.12,26,481,55,4
2020,06.13,0,481,65,4
2020,06.14,48,529,66,5
2020,06.15,18,547,69,6
2020,06.16,8,555,69,6
2020,06.17,9,564,73,6
2020,06.18,8,572,73,6
2020,06.19,20,592,74,8
2020,06.20,28,620,91,8
2020,06.21,110,730,91,11
2020,06.22,19,749,258,11
2020,06.23,54,803,258,11
2020,06.24,0,803,258,11
2020,06.25,138,941,259,11
2020,06.26,19,960,260,12
2020,06.27,45,1005,260,13
2020,06.28,33,1038,260,13
2020,06.29,108,1146,260,13
2020,06.30,78,1224,260,14
2020,07.01,41,1265,260,16
2020,07.02,77,1342,271,16
2020,07.03,60,1402,317,16
2020,07.04,96,1498,317,16
2020,07.05,115,1613,317,17
2020,07.06,129,1742,317,19
2020,07.07,76,1818,317,19
2020,07.08,46,1864,345,24
2020,07.09,78,1942,369,25
2020,07.10,42,1984,369,29
2020,07.11,85,2069,379,31
2020,07.12,192,2261,517,33
2020,07.13,103,2364,557,38
2020,07.14,66,2430,747,39
2020,07.15,67,2497,795,40
2020,07.16,117,2614,1005,43
2020,07.17,98,2712,1073,51
2020,07.18,98,2810,1111,55
2020,07.19,97,2907,1135,59
2020,07.20,85,2992,1153,62
2020,07.21,53,3045,1180,64
2020,07.22,104,3149,1256,71
2020,07.23,153,3302,1282,76
2020,07.24,84,3386,1328,79
2020,07.25,67,3453,1373,87
2020,07.26,104,3557,1585,94
2020,07.27,83,3640,1639,99
2020,07.28,69,3709,1667,103
2020,07.29,29,3738,1728,103
2020,07.30,120,3858,1760,107
2020,07.31,123,3981,1807,109
2020,08.01,97,4078,1875,114
2020,08.02,108,4186,1914,120
2020,08.03,45,4231,1919,123
2020,08.04,41,4272,1945,123
2020,08.05,89,4361,2047,128
2020,08.06,65,4426,2078,136
2020,08.07,65,4491,2137,137
2020,08.08,84,4575,2184,137
2020,08.09,49,4624,2329,143
2020,08.10,34,4658,2375,146
2020,08.11,16,4674,2430,146
2020,08.12,40,4714,2477,152
2020,08.13,38,4752,2529,152
2020,08.14,160,4912,2550,153
2020,08.15,76,4988,2576,156
2020,08.16,38,5026,2623,157
2020,08.17,46,5072,2626,161
2020,08.18,53,5125,2690,162
2020,08.19,68,5193,2716,163
2020,08.20,47,5240,2857,164
2020,08.21,42,5282,2883,165
2020,08.22,40,5322,2929,166
2020,08.23,60,5382,2998,168
2020,08.24,32,5414,3012,168
2020,08.25,5,5419,3059,169
2020,08.26,4,5423,3066,170
2020,08.27,51,5474,3085,173
2020,08.28,22,5496,3121,173
2020,08.29,27,5523,3143,174
2020,08.30,5,5528,3143,174
2020,08.31,8,5536,3147,174
2020,09.01,30,5566,3160,175
2020,09.02,10,5576,3420,175
2020,09.03,3,5579,3500,175
2020,09.04,14,5593,3516,175
2020,09.05,15,5608,3533,175
2020,09.06,3,5611,3551,175
2020,09.07,3,5614,3551,175
2020,09.08,7,5621,3590,176
2020,09.09,9,5630,3630,176
2020,09.10,23,5653,3630,176
2020,09.11,2,5655,3683,176
2020,09.12,14,5669,3720,177
2020,09.13,9,5678,3724,177
2020,09.14,12,5690,3731,177
2020,09.15,7,5697,3742,178
2020,09.16,4,5701,3762,178
2020,09.17,3,5704,3764,178
2020,09.18,7,5711,4000,179
2020,09.19,5,5716,4026,179
2020,09.20,2,5718,4030,179
2020,09.21,13,5731,4040,179
2020,09.22,2,5733,4053,179
2020,09.23,6,5739,4065,179
2020,09.24,7,5746,4140,179
2020,09.25,1,5747,4163,179
2020,09.26,17,5764,4178,179
2020,09.27,2,5766,4185,179
2020,09.28,2,5768,4206,179
2020,09.29,2,5770,4243,179
2020,09.30,2,5772,4245,179
2020,10.01,1,5773,4263,179
2020,10.02,6,5779,4514,179
2020,10.03,4,5783,4535,179
2020,10.04,0,5783,4539,179
2020,10.05,3,5786,4541,179
2020,10.06,8,5794,4541,180
2020,10.07,2,5796,4549,180
2020,10.08,7,5803,4575,180
2020,10.09,6,5809,4626,180
2020,10.10,4,5813,4631,180
2020,10.11,8,5821,4647,180
2020,10.12,0,5821,4647,180
2020,10.13,3,5824,4659,180
2020,10.14,3,5827,4688,181
2020,10.15,2,5829,4723,181
2020,10.16,7,5836,4728,181
2020,10.17,16,5852,4740,181
2020,10.18,5,5857,4742,181
2020,10.19,3,5860,4757,181
2020,10.20,1,5861,4757,182
2020,10.21,0,5861,4757,182
2020,10.22,3,5864,4762,183
2020,10.23,21,5885,5287,183
2020,10.24,0,5885,5287,183
2020,10.25,2,5887,5288,183
2020,10.26,3,5890,5291,183
2020,10.27,4,5894,5294,183
2020,10.28,3,5897,5299,183
2020,10.29,7,5904,5300,184
2020,10.30,12,5916,5303,184
2020,10.31,7,5923,5323,184
2020,11.01,9,5932,5323,184
2020,11.02,0,5932,5323,184
2020,11.03,2,5934,5333,184
2020,11.04,0,5934,5333,184
2020,11.05,0,5934,5336,184
2020,11.06,6,5940,5338,184
2020,11.07,8,5948,5346,184
2020,11.08,0,5948,5346,184
2020,11.09,3,5951,5348,184
2020,11.10,2,5953,5359,185
2020,11.11,0,5953,5361,185
2020,11.12,2,5955,5366,185
2020,11.13,3,5958,5369,185
2020,11.14,4,5962,5372,185
2020,11.15,2,5964,5399,185
2020,11.16,7,5971,5402,185
2020,11.17,0,5971,5402,185
2020,11.18,0,5971,5402,185
2020,11.19,28,5999,5434,185
2020,11.20,3,6002,5435,185
2020,11.21,1,6003,5439,185
2020,11.22,0,6003,5441,185
2020,11.23,0,6003,5441,185
2020,11.24,6,6009,5443,185
2020,11.25,9,6018,5450,185
2020,11.26,0,6018,5450,185
2020,11.27,2,6020,5450,185
2020,11.28,4,6024,5453,185
2020,11.29,1,6025,5453,185
2020,11.30,0,6025,5453,185
2020,12.01,3,6028,5455,185
2020,12.02,0,6028,5465,185
2020,12.03,12,6040,5471,185
2020,12.04,3,6043,5472,185
2020,12.05,4,6047,5472,185
2020,12.06,2,6049,5476,185
2020,12.07,2,6051,5476,185
2020,12.08,0,6051,5476,185
2020,12.09,0,6051,5482,186
2020,12.10,0,6051,5487,186
2020,12.11,2,6053,5489,186
2020,12.12,2,6055,5490,186
2020,12.13,8,6063,5491,186
2020,12.14,3,6066,5491,187
2020,12.15,4,6070,5491,187
2020,12.16,10,6080,5659,187
2020,12.17,11,6091,5661,187
2020,12.18,47,6138,5661,187
2020,12.19,10,6148,5662,187
2020,12.20,5,6153,5662,187
2020,12.21,8,6161,5663,187
2020,12.22,41,6202,5664,187
2020,12.23,46,6248,5668,187
2020,12.24,13,6261,5675,187
2020,12.25,16,6277,5676,187
2020,12.26,62,6339,5676,187
2020,12.27,15,6354,5682,188
2020,12.28,0,6354,5682,188
2020,12.29,23,6377,5682,188
2020,12.30,11,6388,5688,188
2020,12.31,83,6471,5700,189
2021,01.01,112,6583,5705,189
2021,01.02,101,6684,5708,191
2021,01.03,28,6712,5710,192
2021,01.04,132,6844,5715,195
2021,01.05,91,6935,5718,196
2021,01.06,175,7110,5753,199
2021,01.07,227,7337,5787,199
2021,01.08,274,7611,5791,203
2021,01.09,314,7925,5802,208
2021,01.10,381,8306,5809,220
2021,01.11,269,8575,5826,225
2021,01.12,452,9027,5838,235
2021,01.13,0,9027,5838,235
2021,01.14,373,9400,5854,254
2021,01.15,591,9991,5866,275
2021,01.16,1232,11223,5974,291
2021,01.17,562,11785,5992,300
2021,01.18,685,12470,6036,314
2021,01.19,557,13027,6080,321
2021,01.20,853,13880,6127,336
2021,01.21,971,14851,6206,353
2021,01.22,1198,16049,6314,396
2021,01.23,1316,17365,6408,445
2021,01.24,1074,18439,6520,470
2021,01.25,956,19395,6699,508
2021,01.26,592,19987,6780,518
2021,01.27,843,20830,7005,540
2021,01.28,830,21660,7249,555
2021,01.29,644,22304,7548,628
2021,01.30,716,23020,7815,643
2021,01.31,477,23497,8318,687
2021,02.01,466,23963,8615,702
2021,02.02,402,24365,8945,712
2021,02.03,538,24903,9518,726
2021,02.04,546,25449,9814,761
2021,02.05,435,25884,10264,779
2021,02.06,476,26360,10761,779
2021,02.07,515,26875,11348,837
2021,02.08,320,27195,11596,856
2021,02.09,227,27422,11756,874
2021,02.10,300,27722,12065,883
2021,02.11,328,28050,12583,900
2021,02.12,220,28270,12879,914
2021,02.13,360,28630,13347,926
2021,02.14,246,28876,13554,937
2021,02.15,159,29035,13607,952
2021,02.16,146,29181,14195,958
2021,02.17,240,29421,14803,968
2021,02.18,213,29634,15321,976
2021,02.19,203,29837,15568,984
2021,02.20,440,30277,16251,997
2021,02.21,251,30528,16620,1004
2021,02.22,214,30742,16840,1013
2021,02.23,200,30942,17184,1021
2021,02.24,164,31106,17445,1024
2021,02.25,189,31295,17570,1029
2021,02.26,207,31502,18045,1033
2021,02.27,173,31675,18183,1037
2021,02.28,123,31798,18424,1041
2021,03.01,147,31945,18874,1044
2021,03.02,63,32008,19513,1048
2021,03.03,140,32148,19904,1053
2021,03.04,81,32229,20204,1056
2021,03.05,54,32283,20582,1058
2021,03.06,74,32357,21621,1063
2021,03.07,41,32398,21932,1067
2021,03.08,44,32442,22373,1069
2021,03.09,27,32469,23105,1070
2021,03.10,59,32528,23691,1074
2021,03.11,86,32614,24381,1077
2021,03.12,59,32673,24714,1078
2021,03.13,73,32746,25422,1079
2021,03.14,43,32789,25578,1082
2021,03.15,0,32789,25578,1082
2021,03.16,75,32864,26607,1084
2021,03.17,30,32894,26890,1088
2021,03.18,76,32970,27184,1088
2021,03.19,75,33045,27532,1091
2021,03.20,129,33174,27847,1092
2021,03.21,42,33216,28108,1093
2021,03.22,21,33237,28636,1096
2021,03.23,33,33270,28947,1098
2021,03.24,53,33323,29120,1099
2021,03.25,31,33354,29253,1105
2021,03.26,33,33387,29260,1108
2021,03.27,28,33415,29417,1112
2021,03.28,43,33458,29585,1113
2021,03.29,23,33481,29611,1114
2021,03.30,0,33481,29611,1114
2021,03.31,0,33481,29611,1114
2021,04.01,70,33551,30272,1117
2021,04.02,33,33584,30379,1118
2021,04.03,55,33639,30490,1119
2021,04.04,8,33647,30593,1120
2021,04.05,14,33661,30686,1123
2021,04.06,12,33673,30757,1124
2021,04.07,12,33685,30849,1124
2021,04.08,33,33718,30996,1125
2021,04.09,20,33738,31140,1125
2021,04.10,41,33779,31239,1126
2021,04.11,26,33805,31360,1127
2021,04.12,22,33827,31479,1128
2021,04.13,32,33859,31572,1132
2021,04.14,13,33872,31572,1133
2021,04.15,19,33891,31675,1134
2021,04.16,11,33902,31691,1134
2021,04.17,17,33919,31717,1136
2021,04.18,0,33919,31717,1136
2021,04.19,22,33941,31764,1138
2021,04.20,18,33959,31774,1139
2021,04.21,9,33968,31810,1142
2021,04.22,7,33975,31852,1142
2021,04.23,0,33975,31852,1142
2021,04.24,14,33989,31864,1145
2021,04.25,22,34011,31899,1147
2021,04.26,5,34016,31908,1147
2021,04.27,5,34021,31921,1147
2021,04.28,10,34031,31953,1147
2021,04.29,21,34052,31972,1147
2021,04.30,10,34062,32023,1148
2021,05.01,16,34078,32051,1148
2021,05.02,17,34095,32064,1148
2021,05.03,1,34096,32069,1148
2021,05.04,3,34099,32069,1148
2021,05.05,24,34123,32123,1149
2021,05.06,20,34143,32131,1151
2021,05.07,8,34151,32135,1152
2021,05.08,7,34158,32145,1152
2021,05.09,8,34166,32156,1153
2021,05.10,5,34171,32159,1153
2021,05.11,9,34180,32164,1153
2021,05.12,3,34183,32170,1153
2021,05.13,0,34183,32170,1153
2021,05.14,17,34200,32176,1153
2021,05.15,0,34200,32176,1153
2021,05.16,10,34210,32206,1153
2021,05.17,4,34214,32210,1153
2021,05.18,2,34216,32241,1153
2021,05.19,15,34231,32246,1153
2021,05.20,7,34238,32246,1153
2021,05.21,13,34251,32260,1153
2021,05.22,10,34261,32262,1153
2021,05.23,13,34274,32318,1153
2021,05.24,10,34284,32462,1153
2021,05.25,9,34293,32517,1154
2021,05.26,2,34295,32543,1154
2021,05.27,9,34304,32575,1154
2021,05.28,0,34304,32575,1154
2021,05.29,19,34323,32598,1154
2021,05.30,6,34329,32603,1154
2021,05.31,6,34335,32609,1155
2021,06.01,3,34338,32616,1155
2021,06.02,8,34346,32621,1156
2021,06.03,14,34360,32629,1156
2021,06.04,5,34365,32641,1156
2021,06.05,6,34371,32649,1156
2021,06.06,13,34384,32660,1156
2021,06.07,6,34390,32667,1157
2021,06.08,13,34403,32675,1157
2021,06.09,7,34410,32686,1158
2021,06.10,22,34432,32702,1158
2021,06.11,15,34447,32706,1158
2021,06.12,23,34470,32709,1158
2021,06.13,15,34485,32725,1159
2021,06.14,0,34485,32725,1159
2021,06.15,79,34564,32753,1159
2021,06.16,24,34588,32773,1162
2021,06.17,62,34650,32793,1163
2021,06.18,52,34702,32807,1164
2021,06.19,79,34781,32824,1166
2021,06.20,51,34832,32847,1168
2021,06.21,36,34868,32871,1168
2021,06.22,46,34914,32891,1171
2021,06.23,82,34996,32909,1173
2021,06.24,119,35115,32948,1177
2021,06.25,104,35219,32974,1178
2021,06.26,169,35388,32996,1179
2021,06.27,166,35554,33013,1181
2021,06.28,75,35629,33031,1182
2021,06.29,80,35709,33075,1187
2021,06.30,188,35897,33132,1194
2021,07.01,229,36126,33169,1196
2021,07.02,233,36359,33228,1199
2021,07.03,214,36573,33242,1202
2021,07.04,247,36820,33298,1205
2021,07.05,106,36926,33326,1208
2021,07.06,131,37057,33404,1215
2021,07.07,309,37366,33490,1218
2021,07.08,190,37556,33596,1218
2021,07.09,427,37983,33681,1227
2021,07.10,451,38434,33772,1234
2021,07.11,512,38946,33838,1242
2021,07.12,240,39186,33854,1250
2021,07.13,232,39418,33921,1256
2021,07.14,514,39932,34000,1264
2021,07.15,781,40713,34139,1276
2021,07.16,785,41498,34583,1301
2021,07.17,756,42254,34685,1313
2021,07.18,789,43043,34749,1325
2021,07.19,427,43470,34922,1338
2021,07.20,347,43817,35087,1352
2021,07.21,867,44684,35203,1363
2021,07.22,781,45465,35432,1389
2021,07.23,952,46417,35792,1410
2021,07.24,848,47265,36019,1439
2021,07.25,801,48066,36161,1458
2021,07.26,571,48637,36419,1480
2021,07.27,372,49009,36672,1513
2021,07.28,743,49752,36878,1540
2021,07.29,629,50381,37196,1561
2021,07.30,760,51141,37491,1588
2021,07.31,668,51809,37693,1614
2021,08.01,538,52347,38005,1635
2021,08.02,284,52631,38147,1661
2021,08.03,356,52987,38427,1685
2021,08.04,516,53503,39047,1700
2021,08.05,675,54178,39841,1729
2021,08.06,537,54715,39841,1748
2021,08.07,0,54715,39841,1748
2021,08.08,503,55218,39841,1776
2021,08.09,702,55920,39841,1828
2021,08.10,215,56135,39841,1850
2021,08.11,439,56574,39841,1874
2021,08.12,378,56952,39841,1895
2021,08.13,321,57273,39841,1919
2021,08.14,347,57620,39841,1941
2021,08.15,276,57896,39841,1955
2021,08.16,187,58083,39841,1968
2021,08.17,138,58221,39841,1983
2021,08.18,244,58465,39841,1998
2021,08.19,396,58861,39841,2012
2021,08.20,187,59048,39841,2028
2021,08.21,201,59249,39841,2044
2021,08.22,150,59399,39841,2059
2021,08.23,72,59471,39841,2074
2021,08.24,153,59624,39841,2082
2021,08.25,163,59787,39841,2098
2021,08.26,167,59954,39841,2111
2021,08.27,136,60090,39841,2129
2021,08.28,131,60221,39841,2148
