year,date,confirm_add,confirm,heal,dead
2020,03.21,0,3,0,0
2020,03.22,3,3,0,0
2020,03.23,9,12,0,0
2020,03.24,7,19,0,0
2020,03.25,0,19,0,0
2020,03.26,4,23,0,0
2020,03.27,4,24,0,0
2020,03.28,4,28,0,0
2020,03.29,15,43,0,0
2020,03.30,-4,39,0,0
2020,03.31,7,46,0,0
2020,04.01,11,57,0,0
2020,04.02,2,59,0,0
2020,04.03,0,59,0,0
2020,04.04,11,70,0,0
2020,04.05,2,72,2,0
2020,04.06,0,72,2,0
2020,04.07,10,82,2,0
2020,04.08,11,93,11,0
2020,04.09,0,93,11,0
2020,04.10,0,93,11,0
2020,04.11,9,102,11,0
2020,04.12,4,106,20,0
2020,04.13,0,106,21,0
2020,04.14,2,108,23,0
2020,04.15,2,110,29,0
2020,04.16,1,111,33,0
2020,04.17,6,117,33,0
2020,04.18,0,117,33,0
2020,04.19,4,121,39,0
2020,04.20,0,121,41,0
2020,04.21,0,121,44,0
2020,04.22,0,121,52,0
2020,04.23,0,121,58,0
2020,04.24,1,122,61,0
2020,04.25,1,123,62,0
2020,04.26,1,124,71,0
2020,04.27,0,124,71,0
2020,04.28,4,128,82,0
2020,04.29,0,128,90,0
2020,04.30,0,128,92,0
2020,05.01,0,128,92,0
2020,05.02,7,135,97,0
2020,05.03,0,135,97,0
2020,05.04,14,149,99,0
2020,05.05,0,149,99,0
2020,05.06,9,158,101,0
2020,05.07,0,158,101,0
2020,05.08,35,193,101,0
2020,05.09,0,193,101,0
2020,05.10,0,193,101,0
2020,05.11,0,193,101,0
2020,05.12,-7,186,101,0
2020,05.13,26,212,107,0
2020,05.14,0,212,107,0
2020,05.15,18,230,108,0
2020,05.16,8,238,112,0
2020,05.17,66,304,114,1
2020,05.18,18,322,119,1
2020,05.19,4,326,119,2
2020,05.20,45,371,131,2
2020,05.21,34,405,131,2
2020,05.22,43,448,135,2
2020,05.23,40,488,138,2
2020,05.24,39,527,142,2
2020,05.25,15,542,147,2
2020,05.26,44,586,147,2
2020,05.27,26,612,151,2
2020,05.28,44,656,154,2
2020,05.29,42,698,164,5
2020,05.30,60,758,165,6
2020,05.31,13,771,168,6
2020,06.01,55,826,174,6
2020,06.02,19,845,185,6
2020,06.03,0,845,185,6
2020,06.04,112,957,200,7
2020,06.05,18,975,201,7
2020,06.06,51,1026,212,8
2020,06.07,26,1052,233,9
2020,06.08,42,1094,254,9
2020,06.09,44,1138,274,9
2020,06.10,0,1138,274,9
2020,06.11,65,1203,312,10
2020,06.12,37,1240,344,10
2020,06.13,12,1252,362,10
2020,06.14,20,1272,367,10
2020,06.15,18,1290,384,10
2020,06.16,27,1317,417,12
2020,06.17,61,1378,450,12
2020,06.18,25,1403,463,13
2020,06.19,40,1443,498,13
2020,06.20,60,1503,618,13
2020,06.21,93,1596,655,14
2020,06.22,44,1640,692,15
2020,06.23,84,1724,732,15
2020,06.24,63,1787,779,16
2020,06.25,42,1829,823,16
2020,06.26,93,1922,862,16
2020,06.27,83,2005,907,16
2020,06.28,73,2078,944,18
2020,06.29,60,2138,966,20
2020,06.30,76,2214,994,20
2020,07.01,89,2303,1006,22
2020,07.02,100,2403,1040,24
2020,07.03,109,2512,1057,26
2020,07.04,216,2728,1078,29
2020,07.05,213,2941,1108,32
2020,07.06,309,3250,1135,33
2020,07.07,222,3472,1187,33
2020,07.08,101,3573,1761,33
2020,07.09,209,3782,1950,33
2020,07.10,361,4143,2183,34
2020,07.11,435,4578,2287,34
2020,07.12,289,4867,2378,35
2020,07.13,213,5080,2494,37
2020,07.14,263,5343,2646,39
2020,07.15,262,5605,2811,43
2020,07.16,484,6089,2951,53
2020,07.17,378,6467,3108,54
2020,07.18,382,6849,3339,55
2020,07.19,200,7049,3498,59
2020,07.20,104,7153,3788,62
2020,07.21,395,7548,4286,65
2020,07.22,614,8162,4662,69
2020,07.23,219,8381,5160,70
2020,07.24,360,8741,5522,76
2020,07.25,125,8866,5579,78
2020,07.26,429,9295,5579,85
2020,07.27,395,9690,6260,91
2020,07.28,414,10104,6613,93
2020,07.29,213,10317,7117,99
2020,07.30,431,10748,7461,105
2020,07.31,120,10868,7807,106
2020,08.01,405,11273,8109,107
2020,08.02,255,11528,8444,114
2020,08.03,132,11660,8825,118
2020,08.04,235,11895,9286,123
2020,08.05,327,12222,9798,127
2020,08.06,304,12526,10148,134
2020,08.07,182,12708,10412,135
2020,08.08,214,12922,10604,141
2020,08.09,164,13086,10816,148
2020,08.10,116,13202,11011,151
2020,08.11,115,13317,11276,152
2020,08.12,80,13397,11529,156
2020,08.13,125,13522,11780,162
2020,08.14,121,13643,12011,164
2020,08.15,81,13724,12232,166
2020,08.16,103,13827,12424,170
2020,08.17,59,13886,12603,171
2020,08.18,123,14009,12767,173
2020,08.19,65,14074,12921,173
2020,08.20,80,14154,13038,177
2020,08.21,64,14218,13206,178
2020,08.22,59,14277,13332,178
2020,08.23,50,14327,13355,178
2020,08.24,75,14402,13436,178
2020,08.25,73,14475,13492,178
2020,08.26,79,14554,13582,181
2020,08.27,38,14592,13686,184
2020,08.28,104,14696,13709,187
2020,08.29,95,14791,13753,190
2020,08.30,52,14843,13802,191
2020,08.31,20,14863,13832,192
2020,09.01,94,14957,13915,195
2020,09.02,66,15023,13965,196
2020,09.03,83,15106,14031,197
2020,09.04,81,15187,14075,198
2020,09.05,82,15269,14113,199
2020,09.06,50,15319,14139,200
2020,09.07,33,15352,14184,202
2020,09.08,83,15435,14219,206
2020,09.09,85,15520,14243,206
2020,09.10,104,15624,14295,208
2020,09.11,45,15669,14320,209
2020,09.12,68,15737,14349,210
2020,09.13,20,15757,14368,211
2020,09.14,12,15769,14411,213
2020,09.15,34,15803,14452,214
2020,09.16,68,15871,14482,215
2020,09.17,54,15925,14547,216
2020,09.18,46,15971,14587,217
2020,09.19,49,16020,14630,219
2020,09.20,33,16053,14646,223
2020,09.21,20,16073,14682,225
2020,09.22,63,16136,14743,226
2020,09.23,31,16167,14788,226
2020,09.24,24,16191,14833,227
2020,09.25,30,16221,14867,228
2020,09.26,36,16257,14922,229
2020,09.27,28,16285,14922,229
2020,09.28,0,16285,14922,229
2020,09.29,92,16377,15139,229
2020,09.30,31,16408,15301,230
2020,10.01,46,16454,15430,232
2020,10.02,39,16493,15467,232
2020,10.03,36,16529,15480,232
2020,10.04,29,16558,15486,232
2020,10.05,12,16570,15601,233
2020,10.06,30,16600,15698,234
2020,10.07,33,16633,15808,235
2020,10.08,21,16654,15910,235
2020,10.09,22,16676,15975,237
2020,10.10,26,16702,16012,237
2020,10.11,16,16718,16042,237
2020,10.12,8,16726,16081,237
2020,10.13,28,16754,16124,237
2020,10.14,0,16754,16124,237
2020,10.15,0,16754,16124,237
2020,10.16,0,16754,16124,237
2020,10.17,56,16810,16215,238
2020,10.18,0,16810,16215,238
2020,10.19,0,16810,16215,238
2020,10.20,0,16810,16215,238
2020,10.21,0,16810,16215,238
2020,10.22,0,16810,16215,238
2020,10.23,0,16810,16215,238
2020,10.24,0,16810,16215,238
2020,10.25,158,16968,16301,244
2020,10.26,0,16968,16301,244
2020,10.27,0,16968,16301,244
2020,10.28,0,16968,16301,244
2020,10.29,0,16968,16301,244
2020,10.30,0,16968,16301,244
2020,10.31,0,16968,16301,244
2020,11.01,143,17111,16409,244
2020,11.02,0,17111,16409,244
2020,11.03,0,17111,16409,244
2020,11.04,0,17111,16409,244
2020,11.05,0,17111,16409,244
2020,11.06,0,17111,16409,244
2020,11.07,0,17111,16409,244
2020,11.08,0,17111,16409,244
2020,11.09,112,17223,16516,249
2020,11.10,0,17223,16516,249
2020,11.11,0,17223,16516,249
2020,11.12,0,17223,16516,249
2020,11.13,0,17223,16516,249
2020,11.14,0,17223,16516,249
2020,11.15,0,17223,16516,249
2020,11.16,87,17310,16592,250
2020,11.17,0,17310,16592,250
2020,11.18,0,17310,16592,250
2020,11.19,0,17310,16592,250
2020,11.20,0,17310,16592,250
2020,11.21,0,17310,16592,250
2020,11.22,31,17341,16657,251
2020,11.23,0,17341,16657,251
2020,11.24,0,17341,16657,251
2020,11.25,0,17341,16657,251
2020,11.26,0,17341,16657,251
2020,11.27,0,17341,16657,251
2020,11.28,0,17341,16657,251
2020,11.29,0,17341,16657,251
2020,11.30,0,17341,16657,251
2020,12.01,0,17341,16657,251
2020,12.02,0,17341,16657,251
2020,12.03,0,17341,16657,251
2020,12.04,172,17513,16657,255
2020,12.05,0,17513,16657,255
2020,12.06,0,17513,16927,255
2020,12.07,0,17513,16927,255
2020,12.08,0,17513,16927,255
2020,12.09,-40,17473,16927,255
2020,12.10,0,17473,16927,255
2020,12.11,0,17473,16927,255
2020,12.12,114,17587,16992,259
2020,12.13,0,17587,16992,259
2020,12.14,0,17587,16992,259
2020,12.15,0,17587,16992,259
2020,12.16,0,17587,16992,259
2020,12.17,0,17587,16992,259
2020,12.18,0,17587,16992,259
2020,12.19,0,17587,16992,259
2020,12.20,0,17587,16992,259
2020,12.21,46,17633,17147,260
2020,12.22,0,17633,17147,260
2020,12.23,0,17633,17147,260
2020,12.24,0,17633,17147,260
2020,12.25,0,17633,17147,260
2020,12.26,0,17633,17147,260
2020,12.27,81,17714,17228,261
2020,12.28,0,17714,17228,261
2020,12.29,0,17714,17228,261
2020,12.30,0,17714,17228,261
2020,12.31,0,17714,17228,261
2021,01.01,0,17714,17228,261
2021,01.02,0,17714,17228,261
2021,01.03,53,17767,17298,262
2021,01.04,0,17767,17298,262
2021,01.05,0,17767,17298,262
2021,01.06,0,17767,17298,262
2021,01.07,0,17767,17298,262
2021,01.08,0,17767,17298,262
2021,01.09,0,17767,17298,262
2021,01.10,0,17767,17298,262
2021,01.11,234,18001,17447,267
2021,01.12,0,18001,17447,267
2021,01.13,0,18001,17447,267
2021,01.14,0,18001,17447,267
2021,01.15,0,18001,17447,267
2021,01.16,0,18001,17447,267
2021,01.17,0,18001,17447,267
2021,01.18,300,18301,17609,273
2021,01.19,0,18301,17609,273
2021,01.20,0,18301,17609,273
2021,01.21,0,18301,17609,273
2021,01.22,0,18301,17609,273
2021,01.23,0,18301,17609,273
2021,01.24,0,18301,17609,273
2021,01.25,442,18743,17930,279
2021,01.26,0,18743,17930,279
2021,01.27,0,18743,17930,279
2021,01.28,0,18743,17930,279
2021,01.29,0,18743,17930,279
2021,01.30,0,18743,17930,279
2021,01.31,0,18743,17930,279
2021,02.01,322,19065,18215,281
2021,02.02,0,19065,18215,281
2021,02.03,0,19065,18215,281
2021,02.04,0,19065,18215,281
2021,02.05,0,19065,18215,281
2021,02.06,0,19065,18215,281
2021,02.07,0,19065,18215,281
2021,02.08,295,19360,18490,285
2021,02.09,0,19360,18490,285
2021,02.10,0,19360,18490,285
2021,02.11,0,19360,18490,285
2021,02.12,0,19360,18490,285
2021,02.13,0,19360,18490,285
2021,02.14,0,19360,18490,285
2021,02.15,238,19598,18915,292
2021,02.16,0,19598,18915,292
2021,02.17,0,19598,18915,292
2021,02.18,0,19598,18915,292
2021,02.19,0,19598,18915,292
2021,02.20,0,19598,18915,292
2021,02.21,0,19598,18915,292
2021,02.22,233,19831,19296,297
2021,02.23,0,19831,19296,297
2021,02.24,0,19831,19296,297
2021,02.25,0,19831,19296,297
2021,02.26,0,19831,19296,297
2021,02.27,0,19831,19296,297
2021,02.28,0,19831,19296,297
2021,03.01,0,19831,19296,297
2021,03.02,0,19831,19296,297
2021,03.03,0,19831,19296,297
2021,03.04,0,19831,19296,297
2021,03.05,0,19831,19296,297
2021,03.06,0,19831,19296,297
2021,03.07,324,20155,19543,300
2021,03.08,0,20155,19543,300
2021,03.09,0,20155,19543,300
2021,03.10,0,20155,19543,300
2021,03.11,0,20155,19543,300
2021,03.12,0,20155,19543,300
2021,03.13,0,20155,19543,300
2021,03.14,1201,21356,20380,326
2021,03.15,0,21356,20380,326
2021,03.16,231,21587,20494,334
2021,03.17,101,21688,20614,335
2021,03.18,138,21826,20670,337
2021,03.19,173,21999,20750,338
2021,03.20,276,22275,20918,345
2021,03.21,209,22484,20996,351
2021,03.22,0,22484,20996,351
2021,03.23,132,22616,21062,355
2021,03.24,228,22844,21282,363
2021,03.25,196,23040,21372,369
2021,03.26,190,23230,21461,378
2021,03.27,194,23424,21569,381
2021,03.28,161,23585,21636,387
2021,03.29,0,23585,21636,387
2021,03.30,0,23585,21636,387
2021,03.31,841,24426,21908,418
2021,04.01,0,24426,21908,418
2021,04.02,542,24968,22300,444
2021,04.03,294,25262,22415,449
2021,04.04,310,25572,22559,454
2021,04.05,137,25709,22702,459
2021,04.06,165,25874,22813,462
2021,04.07,253,26127,22947,469
2021,04.08,348,26475,23092,475
2021,04.09,559,27034,23293,486
2021,04.10,0,27034,23293,486
2021,04.11,1029,28063,23878,500
2021,04.12,478,28541,24105,506
2021,04.13,224,28765,24410,512
2021,04.14,583,29348,24695,520
2021,04.15,859,30207,24893,527
2021,04.16,832,31039,25193,531
2021,04.17,578,31617,25471,538
2021,04.18,588,32205,25798,542
2021,04.19,593,32798,26017,552
2021,04.20,404,33202,26291,563
2021,04.21,390,33592,26610,569
2021,04.22,477,34069,27152,579
2021,04.23,706,34775,27646,588
2021,04.24,487,35262,28132,593
2021,04.25,484,35746,28429,599
2021,04.26,299,36045,28868,605
2021,04.27,145,36190,29370,614
2021,04.28,320,36510,30070,631
2021,04.29,186,36696,31013,637
2021,04.30,318,37014,31570,643
2021,05.01,282,37296,32111,654
2021,05.02,334,37630,32747,666
2021,05.03,121,37751,33146,677
2021,05.04,238,37989,33568,682
2021,05.05,127,38116,34060,690
2021,05.06,221,38337,34727,695
2021,05.07,304,38641,35116,701
2021,05.08,233,38874,35732,716
2021,05.09,138,39012,36022,722
2021,05.10,150,39162,36255,729
2021,05.11,189,39351,36633,732
2021,05.12,159,39510,36881,738
2021,05.13,249,39759,37150,745
2021,05.14,129,39888,37431,748
2021,05.15,117,40005,37673,754
2021,05.16,136,40141,37823,763
2021,05.17,63,40204,37945,771
2021,05.18,122,40326,38166,774
2021,05.19,59,40385,38443,777
2021,05.20,134,40519,38679,783
2021,05.21,173,40692,38950,786
2021,05.22,88,40780,39101,793
2021,05.23,96,40876,39255,800
2021,05.24,78,40954,39410,806
2021,05.25,45,40999,39523,810
2021,05.26,62,41061,39763,817
2021,05.27,41,41102,39927,822
2021,05.28,82,41184,40028,827
2021,05.29,50,41234,40176,829
2021,05.30,32,41266,40281,835
2021,05.31,76,41342,40363,839
2021,06.01,24,41366,40485,841
2021,06.02,53,41419,40607,846
2021,06.03,69,41488,40774,850
2021,06.04,52,41540,40676,857
2021,06.05,91,41631,40758,859
2021,06.06,59,41690,40813,861
2021,06.07,52,41742,40870,866
2021,06.08,16,41758,40870,871
2021,06.09,28,41786,40130,874
2021,06.10,54,41840,40158,875
2021,06.11,29,41869,40190,879
2021,06.12,25,41894,40213,882
2021,06.13,39,41933,40239,887
2021,06.14,15,41948,40264,889
2021,06.15,18,41966,40279,891
2021,06.16,32,41998,40318,892
2021,06.17,36,42034,40345,892
2021,06.18,42,42076,40394,895
2021,06.19,0,42076,40394,895
2021,06.20,47,42123,40450,901
2021,06.21,14,42137,40469,903
2021,06.22,0,42137,40469,903
2021,06.23,24,42161,40500,905
2021,06.24,5,42166,40524,905
2021,06.25,28,42194,40569,906
2021,06.26,0,42194,40569,906
2021,06.27,0,42194,40569,906
2021,06.28,0,42194,40579,909
2021,06.29,0,42194,40579,909
2021,06.30,22,42216,40629,913
2021,07.01,0,42216,40629,913
2021,07.02,31,42247,40651,915
2021,07.03,17,42264,40679,918
2021,07.04,47,42311,40722,922
2021,07.05,18,42329,40736,924
2021,07.06,8,42337,40752,924
2021,07.07,21,42358,40767,926
2021,07.08,18,42376,40780,927
2021,07.09,16,42392,40798,928
2021,07.10,0,42392,40798,928
2021,07.11,0,42392,40798,928
2021,07.12,0,42392,40798,928
2021,07.13,0,42392,40798,928
2021,07.14,70,42462,40845,933
2021,07.15,17,42479,40862,934
2021,07.16,16,42495,40879,936
2021,07.17,25,42520,40891,936
2021,07.18,16,42536,40916,937
2021,07.19,2,42538,40932,937
2021,07.20,13,42551,40951,937
2021,07.21,7,42558,40972,937
2021,07.22,3,42561,40990,937
2021,07.23,20,42581,40999,939
2021,07.24,0,42581,40999,939
2021,07.25,18,42599,41027,939
2021,07.26,0,42599,41039,940
2021,07.27,8,42607,41066,941
2021,07.28,8,42615,41091,942
2021,07.29,30,42645,41109,942
2021,07.30,7,42652,41127,943
2021,07.31,0,42652,41127,943
2021,08.01,13,42665,41151,943
2021,08.02,7,42672,41164,943
2021,08.03,2,42674,41173,943
2021,08.04,11,42685,41177,943
2021,08.05,0,42685,41177,943
2021,08.06,0,42685,41177,943
2021,08.07,0,42685,41177,943
2021,08.08,0,42685,41177,943
2021,08.09,96,42781,41177,948
2021,08.10,6,42787,41177,948
2021,08.11,4,42791,41177,949
2021,08.12,4,42795,41177,950
2021,08.13,7,42802,41177,951
2021,08.14,9,42811,41177,952
2021,08.15,0,42811,41177,952
2021,08.16,8,42819,41177,954
2021,08.17,0,42819,41177,954
2021,08.18,13,42832,41177,954
2021,08.19,4,42836,41177,954
2021,08.20,2,42838,41177,954
2021,08.21,0,42838,41177,954
2021,08.22,4,42842,41177,954
2021,08.23,5,42847,41177,955
2021,08.24,0,42847,41177,955
2021,08.25,3,42850,41177,955
2021,08.26,4,42854,41177,955
2021,08.27,3,42857,41177,955
2021,08.28,5,42862,41177,955
