year,date,confirm_add,confirm,heal,dead
2020,03.07,1,1,0,0
2020,03.08,0,1,0,0
2020,03.09,0,1,0,0
2020,03.10,3,4,0,0
2020,03.11,1,5,0,0
2020,03.12,1,6,0,0
2020,03.13,0,6,0,0
2020,03.14,0,6,0,0
2020,03.15,12,18,0,0
2020,03.16,0,18,0,0
2020,03.17,0,18,0,0
2020,03.18,0,18,0,0
2020,03.19,20,38,2,0
2020,03.20,0,38,2,0
2020,03.21,26,64,2,0
2020,03.22,26,90,2,0
2020,03.23,17,107,2,0
2020,03.24,3,110,2,0
2020,03.25,19,129,2,0
2020,03.26,5,134,2,0
2020,03.27,5,139,2,0
2020,03.28,10,149,2,0
2020,03.29,85,149,2,0
2020,03.30,7,156,2,0
2020,03.31,13,169,2,0
2020,04.01,19,188,2,0
2020,04.02,8,196,2,0
2020,04.03,6,202,2,0
2020,04.04,11,213,2,0
2020,04.05,14,227,2,0
2020,04.06,14,241,5,0
2020,04.07,52,293,5,0
2020,04.08,6,299,5,0
2020,04.09,38,337,16,2
2020,04.10,13,350,16,2
2020,04.11,20,370,16,3
2020,04.12,8,378,44,3
2020,04.13,6,384,44,3
2020,04.14,9,393,44,3
2020,04.15,6,399,44,3
2020,04.16,13,412,82,3
2020,04.17,10,422,91,3
2020,04.18,4,426,99,3
2020,04.19,1,427,118,3
2020,04.20,4,431,126,3
2020,04.21,12,443,150,3
2020,04.22,1,444,165,3
2020,04.23,1,445,204,3
2020,04.24,2,447,223,3
2020,04.25,1,448,249,4
2020,04.26,0,448,282,4
2020,04.27,2,450,286,4
2020,04.28,8,458,303,4
2020,04.29,5,463,339,4
2020,04.30,2,465,351,4
2020,05.01,0,465,351,4
2020,05.02,3,468,379,4
2020,05.03,0,468,379,4
2020,05.04,12,480,399,4
2020,05.05,2,482,403,5
2020,05.06,2,484,407,5
2020,05.07,2,486,413,5
2020,05.08,3,489,419,5
2020,05.09,1,490,427,5
2020,05.10,6,496,433,5
2020,05.11,7,503,434,5
2020,05.12,3,506,434,5
2020,05.13,2,508,436,6
2020,05.14,14,522,443,6
2020,05.15,10,532,458,6
2020,05.16,14,546,450,6
2020,05.17,7,553,454,6
2020,05.18,5,558,456,6
2020,05.19,11,569,460,6
2020,05.20,15,584,465,6
2020,05.21,15,599,468,6
2020,05.22,1,600,469,6
2020,05.23,9,609,473,6
2020,05.24,1,610,476,6
2020,05.25,1,611,485,6
2020,05.26,0,611,485,6
2020,05.27,1,612,491,7
2020,05.28,4,616,501,7
2020,05.29,0,616,514,8
2020,05.30,2,618,525,9
2020,05.31,0,618,534,9
2020,06.01,1,619,537,9
2020,06.02,1,620,554,9
2020,06.03,0,620,554,9
2020,06.04,2,622,576,9
2020,06.05,3,625,583,9
2020,06.06,2,627,596,9
2020,06.07,2,629,596,9
2020,06.08,1,630,596,9
2020,06.09,2,632,597,9
2020,06.10,0,632,597,9
2020,06.11,8,640,600,9
2020,06.12,5,645,600,9
2020,06.13,1,646,601,9
2020,06.14,3,649,603,9
2020,06.15,1,650,603,9
2020,06.16,6,656,608,9
2020,06.17,6,662,610,9
2020,06.18,1,663,610,9
2020,06.19,0,663,613,9
2020,06.20,1,664,616,9
2020,06.21,1,665,616,9
2020,06.22,0,665,617,9
2020,06.23,0,665,618,9
2020,06.24,0,665,624,9
2020,06.25,3,668,627,9
2020,06.26,2,670,632,9
2020,06.27,0,670,635,9
2020,06.28,0,670,636,9
2020,06.29,0,670,639,9
2020,06.30,0,670,640,9
2020,07.01,1,671,647,9
2020,07.02,0,671,649,9
2020,07.03,1,672,650,9
2020,07.04,0,672,650,9
2020,07.05,0,672,652,9
2020,07.06,0,672,652,9
2020,07.07,1,673,653,9
2020,07.08,0,673,654,9
2020,07.09,1,674,656,9
2020,07.10,0,674,658,9
2020,07.11,0,674,658,9
2020,07.12,0,674,660,9
2020,07.13,0,674,660,9
2020,07.14,0,674,660,9
2020,07.15,0,674,661,9
2020,07.16,0,674,661,9
2020,07.17,0,674,662,9
2020,07.18,1,675,662,9
2020,07.19,1,676,662,9
2020,07.20,1,677,664,9
2020,07.21,0,677,664,9
2020,07.22,2,679,665,9
2020,07.23,1,680,665,9
2020,07.24,6,686,665,9
2020,07.25,0,686,665,9
2020,07.26,14,700,665,9
2020,07.27,1,701,665,9
2020,07.28,7,708,665,9
2020,07.29,12,720,665,9
2020,07.30,9,729,665,9
2020,07.31,95,824,665,9
2020,08.01,21,845,665,9
2020,08.02,15,860,666,9
2020,08.03,14,874,666,9
2020,08.04,16,890,666,9
2020,08.05,36,926,668,9
2020,08.06,20,946,670,9
2020,08.07,49,995,675,9
2020,08.08,40,1035,675,9
2020,08.09,54,1089,684,9
2020,08.10,23,1112,688,9
2020,08.11,29,1141,692,9
2020,08.12,49,1190,695,9
2020,08.13,55,1245,708,9
2020,08.14,31,1276,762,9
2020,08.15,72,1348,782,9
2020,08.16,-42,1306,749,9
2020,08.17,69,1375,759,9
2020,08.18,48,1423,766,9
2020,08.19,47,1470,784,9
2020,08.20,40,1510,802,9
2020,08.21,36,1546,854,10
2020,08.22,31,1577,901,10
2020,08.23,35,1612,934,10
2020,08.24,55,1667,977,10
2020,08.25,38,1705,1029,10
2020,08.26,46,1751,1077,10
2020,08.27,37,1788,1121,10
2020,08.28,32,1820,1186,10
2020,08.29,27,1847,1244,10
2020,08.30,15,1862,1313,11
2020,08.31,21,1883,1400,12
2020,09.01,26,1909,1453,12
2020,09.02,22,1931,1490,13
2020,09.03,34,1965,1528,13
2020,09.04,19,1984,1565,13
2020,09.05,30,2014,1601,14
2020,09.06,25,2039,1627,14
2020,09.07,37,2076,1690,14
2020,09.08,23,2099,1729,14
2020,09.09,63,2162,1760,14
2020,09.10,42,2204,1803,14
2020,09.11,43,2247,1833,15
2020,09.12,27,2274,1850,15
2020,09.13,78,2352,1872,15
2020,09.14,53,2405,1890,16
2020,09.15,49,2454,1931,16
2020,09.16,106,2560,1953,16
2020,09.17,35,2595,1978,16
2020,09.18,39,2634,1996,17
2020,09.19,65,2699,2017,19
2020,09.20,32,2731,2047,20
2020,09.21,45,2776,2079,22
2020,09.22,38,2814,2113,23
2020,09.23,42,2856,2173,25
2020,09.24,42,2898,2191,27
2020,09.25,31,2929,2261,29
2020,09.26,29,2958,2304,31
2020,09.27,21,2979,2358,31
2020,09.28,27,3006,2399,32
2020,09.29,29,3035,2484,34
2020,09.30,23,3058,2562,34
2020,10.01,37,3095,2605,35
2020,10.02,44,3139,2668,37
2020,10.03,65,3204,2711,38
2020,10.04,66,3270,2758,39
2020,10.05,57,3327,2770,39
2020,10.06,47,3374,2812,40
2020,10.07,68,3442,2865,41
2020,10.08,64,3506,2884,41
2020,10.09,75,3581,2915,41
2020,10.10,100,3681,2937,41
2020,10.11,95,3776,2967,41
2020,10.12,68,3844,2981,43
2020,10.13,93,3937,3012,44
2020,10.14,111,4048,3064,44
2020,10.15,112,4160,3106,45
2020,10.16,122,4282,3142,45
2020,10.17,204,4486,3184,45
2020,10.18,142,4628,3236,45
2020,10.19,109,4737,3242,45
2020,10.20,134,4871,3282,46
2020,10.21,155,5026,3331,46
2020,10.22,111,5137,3384,49
2020,10.23,121,5258,3439,49
2020,10.24,115,5373,3478,50
2020,10.25,125,5498,3567,51
2020,10.26,80,5578,3630,53
2020,10.27,107,5685,3715,55
2020,10.28,75,5760,3789,56
2020,10.29,106,5866,3880,59
2020,10.30,76,5942,3990,61
2020,10.31,100,6042,4155,62
2020,11.01,140,6182,4286,64
2020,11.02,218,6400,4397,66
2020,11.03,106,6506,4505,64
2020,11.04,84,6590,4672,65
2020,11.05,174,6764,4765,70
2020,11.06,129,6893,4832,73
2020,11.07,146,7039,5000,74
2020,11.08,102,7141,5103,76
2020,11.09,102,7243,5185,78
2020,11.10,0,7243,5185,78
2020,11.11,153,7396,5274,81
2020,11.12,250,7646,5479,88
2020,11.13,150,7796,5580,92
2020,11.14,121,7917,5702,95
2020,11.15,117,8034,5765,97
2020,11.16,103,8137,5888,98
2020,11.17,110,8247,6049,101
2020,11.18,173,8420,6184,103
2020,11.19,140,8560,6301,104
2020,11.20,121,8681,6406,108
2020,11.21,141,8822,6565,111
2020,11.22,102,8924,6654,111
2020,11.23,80,9004,6831,113
2020,11.24,133,9137,6938,117
2020,11.25,116,9253,7062,122
2020,11.26,152,9405,7165,125
2020,11.27,96,9501,7297,128
2020,11.28,108,9609,7418,132
2020,11.29,143,9752,7557,133
2020,11.30,121,9873,7665,137
2020,12.01,102,9975,7748,141
2020,12.02,126,10101,7887,146
2020,12.03,96,10197,8015,148
2020,12.04,123,10320,8120,149
2020,12.05,103,10423,8289,149
2020,12.06,97,10520,8396,151
2020,12.07,139,10659,8497,155
2020,12.08,40,10699,8641,157
2020,12.09,79,10778,8720,160
2020,12.10,106,10884,8848,164
2020,12.11,96,10980,8935,166
2020,12.12,121,11101,9079,166
2020,12.13,52,11153,9169,169
2020,12.14,101,11254,9319,174
2020,12.15,49,11303,9420,177
2020,12.16,112,11415,9516,180
2020,12.17,60,11475,9670,182
2020,12.18,94,11569,9780,183
2020,12.19,52,11621,9881,187
2020,12.20,93,11714,9978,190
2020,12.21,88,11802,10115,194
2020,12.22,108,11910,10161,196
2020,12.23,82,11992,10293,201
2020,12.24,70,12062,10423,203
2020,12.25,50,12112,10547,203
2020,12.26,129,12241,10550,206
2020,12.27,84,12325,10668,210
2020,12.28,101,12426,10791,215
2020,12.29,115,12541,10919,215
2020,12.30,124,12665,11057,216
2020,12.31,109,12774,11121,219
2021,01.01,135,12909,11178,219
2021,01.02,88,12997,11211,220
2021,01.03,85,13082,11275,220
2021,01.04,148,13230,11386,222
2021,01.05,158,13388,11460,226
2021,01.06,224,13612,11540,227
2021,01.07,164,13776,11613,228
2021,01.08,191,13967,11690,230
2021,01.09,245,14212,11759,232
2021,01.10,184,14396,11841,233
2021,01.11,133,14529,11936,233
2021,01.12,240,14769,12016,234
2021,01.13,189,14958,12123,234
2021,01.14,121,15079,12250,235
2021,01.15,193,15272,12393,236
2021,01.16,175,15447,12460,238
2021,01.17,141,15588,12596,239
2021,01.18,154,15742,12717,241
2021,01.19,200,15942,12865,242
2021,01.20,187,16129,13054,244
2021,01.21,151,16280,13234,245
2021,01.22,143,16423,13435,248
2021,01.23,119,16542,13646,250
2021,01.24,116,16658,13801,251
2021,01.25,203,16861,13976,253
2021,01.26,138,16999,14104,255
2021,01.27,193,17192,14252,258
2021,01.28,208,17400,14452,261
2021,01.29,185,17585,14626,264
2021,01.30,136,17721,14775,265
2021,01.31,182,17903,14960,267
2021,02.01,124,18027,15101,269
2021,02.02,141,18168,15233,270
2021,02.03,138,18306,15423,273
2021,02.04,79,18385,15567,273
2021,02.05,57,18442,15701,277
2021,02.06,134,18576,15896,279
2021,02.07,100,18676,16053,282
2021,02.08,137,18813,16179,282
2021,02.09,202,19015,16325,284
2021,02.10,167,19182,16490,286
2021,02.11,151,19333,16646,286
2021,02.12,164,19497,16811,288
2021,02.13,154,19651,17017,290
2021,02.14,138,19789,17126,293
2021,02.15,156,19945,17310,295
2021,02.16,102,20047,17434,297
2021,02.17,199,20246,17523,298
2021,02.18,163,20409,17679,301
2021,02.19,154,20563,17827,301
2021,02.20,199,20762,17933,303
2021,02.21,130,20892,18067,304
2021,02.22,193,21085,18309,305
2021,02.23,221,21306,18500,306
2021,02.24,226,21532,18720,308
2021,02.25,192,21724,18905,311
2021,02.26,258,21982,19087,313
2021,02.27,237,22219,19255,313
2021,02.28,263,22482,19447,315
2021,03.01,175,22657,19663,316
2021,03.02,336,22993,19743,319
2021,03.03,233,23226,19905,321
2021,03.04,362,23588,20135,325
2021,03.05,283,23871,20291,328
2021,03.06,345,24216,20484,329
2021,03.07,182,24398,20742,334
2021,03.08,201,24599,21087,334
2021,03.09,248,24847,21477,335
2021,03.10,510,25357,21838,337
2021,03.11,283,25640,22176,341
2021,03.12,329,25969,22435,346
2021,03.13,298,26267,22773,350
2021,03.14,268,26535,23060,351
2021,03.15,213,26748,23376,354
2021,03.16,313,27061,23591,357
2021,03.17,211,27272,23784,361
2021,03.18,243,27515,24118,363
2021,03.19,179,27694,24432,364
2021,03.20,210,27904,24662,369
2021,03.21,224,28128,25020,372
2021,03.22,191,28319,25343,373
2021,03.23,90,28409,25555,375
2021,03.24,101,28510,25857,377
2021,03.25,102,28612,26148,378
2021,03.26,103,28715,26480,382
2021,03.27,93,28808,26763,385
2021,03.28,67,28875,27086,387
2021,03.29,0,28875,27086,387
2021,03.30,0,28875,27086,387
2021,03.31,158,29033,27812,392
2021,04.01,52,29085,27951,394
2021,04.02,42,29127,28045,395
2021,04.03,62,29189,28159,397
2021,04.04,34,29223,28276,398
2021,04.05,56,29279,28349,399
2021,04.06,64,29343,28416,399
2021,04.07,65,29408,28463,400
2021,04.08,55,29463,28508,401
2021,04.09,0,29463,28508,401
2021,04.10,48,29511,28561,401
2021,04.11,103,29614,28654,402
2021,04.12,47,29661,28706,402
2021,04.13,59,29720,28756,403
2021,04.14,58,29778,28797,403
2021,04.15,55,29833,28842,403
2021,04.16,27,29860,28872,405
2021,04.17,67,29927,28910,409
2021,04.18,39,29966,28962,409
2021,04.19,60,30026,29003,409
2021,04.20,13,30039,29065,411
2021,04.21,24,30063,29130,411
2021,04.22,33,30096,29166,411
2021,04.23,33,30129,29204,412
2021,04.24,20,30149,29261,412
2021,04.25,25,30174,29296,413
2021,04.26,15,30189,29354,413
2021,04.27,45,30234,29421,413
2021,04.28,15,30249,29462,413
2021,04.29,27,30276,29493,413
2021,04.30,16,30292,29548,413
2021,05.01,15,30307,29622,415
2021,05.02,12,30319,29642,416
2021,05.03,35,30354,29658,416
2021,05.04,27,30381,29677,416
2021,05.05,30,30411,29715,416
2021,05.06,9,30420,29744,416
2021,05.07,12,30432,29763,417
2021,05.08,6,30438,29774,417
2021,05.09,9,30447,29805,417
2021,05.10,11,30458,29828,417
2021,05.11,6,30464,29843,417
2021,05.12,5,30469,29860,417
2021,05.13,4,30473,29867,417
2021,05.14,1,30474,29877,417
2021,05.15,4,30478,29884,417
2021,05.16,2,30480,29905,417
2021,05.17,4,30484,29920,417
2021,05.18,2,30486,29941,417
2021,05.19,3,30489,29952,417
2021,05.20,2,30491,29974,417
2021,05.21,6,30497,29984,417
2021,05.22,2,30499,29998,417
2021,05.23,5,30504,30006,417
2021,05.24,2,30506,30017,417
2021,05.25,3,30509,30022,418
2021,05.26,7,30516,30028,419
2021,05.27,4,30520,30036,419
2021,05.28,6,30526,30041,419
2021,05.29,3,30529,30043,419
2021,05.30,4,30533,30046,419
2021,05.31,2,30535,30050,419
2021,06.01,8,30543,30054,419
2021,06.02,10,30553,30058,419
2021,06.03,4,30557,30062,419
2021,06.04,2,30559,30066,419
2021,06.05,9,30568,30073,419
2021,06.06,3,30571,30078,419
2021,06.07,0,30571,30080,419
2021,06.08,1,30572,30083,419
2021,06.09,1,30573,30086,419
2021,06.10,4,30577,30091,419
2021,06.11,2,30579,30096,419
2021,06.12,2,30581,30100,419
2021,06.13,0,30581,30103,419
2021,06.14,1,30582,30109,419
2021,06.15,0,30582,30112,419
2021,06.16,3,30585,30121,419
2021,06.17,0,30585,30132,419
2021,06.18,3,30588,30136,420
2021,06.19,0,30588,30139,420
2021,06.20,1,30589,30142,420
2021,06.21,1,30590,30147,420
2021,06.22,5,30595,30148,420
2021,06.23,0,30595,30149,420
2021,06.24,3,30598,30151,420
2021,06.25,5,30603,30154,420
2021,06.26,3,30606,30156,420
2021,06.27,0,30606,30158,420
2021,06.28,6,30612,30158,420
2021,06.29,6,30618,30158,420
2021,06.30,5,30623,30158,420
2021,07.01,4,30627,30161,420
2021,07.02,6,30633,30161,420
2021,07.03,7,30640,30164,420
2021,07.04,12,30652,30164,420
2021,07.05,12,30664,30165,420
2021,07.06,11,30675,30165,420
2021,07.07,25,30700,30170,420
2021,07.08,55,30755,30176,420
2021,07.09,96,30851,30179,420
2021,07.10,109,30960,30181,420
2021,07.11,101,31061,30184,420
2021,07.12,179,31240,30186,420
2021,07.13,154,31394,30192,420
2021,07.14,218,31612,30192,420
2021,07.15,222,31834,30202,420
2021,07.16,235,32069,30208,420
2021,07.17,206,32275,30213,420
2021,07.18,195,32470,30218,420
2021,07.19,146,32616,30233,420
2021,07.20,217,32833,30236,420
2021,07.21,199,33032,30266,420
2021,07.22,166,33198,30291,420
2021,07.23,172,33370,30356,420
2021,07.24,0,33370,30356,420
2021,07.25,298,33668,30557,421
2021,07.26,94,33762,30683,421
2021,07.27,142,33904,30857,421
2021,07.28,91,33995,30982,423
2021,07.29,95,34090,31211,423
2021,07.30,111,34201,31410,423
2021,07.31,94,34295,31629,423
2021,08.01,80,34375,31843,423
2021,08.02,64,34439,32011,423
2021,08.03,69,34508,32145,423
2021,08.04,82,34590,32438,423
2021,08.05,78,34668,32642,424
2021,08.06,0,34668,32642,424
2021,08.07,48,34716,32642,424
2021,08.08,71,34787,32642,424
2021,08.09,115,34902,32642,428
2021,08.10,51,34953,32642,428
2021,08.11,87,35040,32642,429
2021,08.12,51,35091,32642,429
2021,08.13,101,35192,32642,429
2021,08.14,94,35286,32642,430
2021,08.15,51,35337,32642,430
2021,08.16,43,35380,32642,431
2021,08.17,54,35434,32642,433
2021,08.18,82,35516,32642,433
2021,08.19,86,35602,32642,435
2021,08.20,51,35653,32642,435
2021,08.21,68,35721,32642,436
2021,08.22,53,35774,32642,436
2021,08.23,57,35831,32642,436
2021,08.24,35,35866,32642,437
2021,08.25,42,35908,32642,437
2021,08.26,42,35950,32642,438
2021,08.27,40,35990,32642,439
2021,08.28,49,36039,32642,440
