year,date,confirm_add,confirm,heal,dead
2020,02.21,0,1,0,0
2020,02.22,0,1,0,0
2020,02.23,0,1,0,0
2020,02.24,0,1,0,0
2020,02.25,0,1,0,0
2020,02.26,1,2,0,0
2020,02.27,1,3,0,0
2020,02.28,0,3,0,0
2020,03.01,0,3,0,0
2020,03.02,0,3,0,0
2020,03.03,0,3,0,0
2020,03.04,10,13,1,0
2020,03.05,2,15,1,0
2020,03.06,0,15,1,0
2020,03.07,7,22,1,0
2020,03.08,6,28,1,0
2020,03.09,4,32,1,0
2020,03.10,9,41,1,1
2020,03.11,18,59,1,2
2020,03.12,9,68,1,3
2020,03.13,9,77,1,3
2020,03.14,16,93,1,3
2020,03.15,6,99,1,3
2020,03.16,10,109,1,3
2020,03.17,11,120,1,3
2020,03.18,0,120,1,3
2020,03.19,29,149,1,3
2020,03.20,14,163,1,4
2020,03.21,43,206,1,4
2020,03.22,42,248,8,4
2020,03.23,19,267,8,4
2020,03.24,37,304,8,4
2020,03.25,29,333,8,4
2020,03.26,35,368,20,6
2020,03.27,23,391,23,7
2020,03.28,21,412,27,8
2020,03.29,26,438,30,10
2020,03.30,8,446,32,11
2020,03.31,17,463,37,12
2020,04.01,16,479,37,12
2020,04.02,15,494,43,16
2020,04.03,14,508,46,17
2020,04.04,12,520,50,17
2020,04.05,7,527,54,18
2020,04.06,14,541,55,19
2020,04.07,7,548,60,19
2020,04.08,27,575,62,19
2020,04.09,7,582,67,19
2020,04.10,27,609,67,20
2020,04.11,10,619,76,20
2020,04.12,11,630,77,20
2020,04.13,2,632,80,20
2020,04.14,9,641,80,21
2020,04.15,17,658,81,21
2020,04.16,5,663,85,21
2020,04.17,5,668,86,21
2020,04.18,4,672,94,21
2020,04.19,1,673,99,21
2020,04.20,4,677,103,21
2020,04.21,0,677,103,21
2020,04.22,5,682,130,22
2020,04.23,6,688,140,22
2020,04.24,8,696,140,22
2020,04.25,8,704,143,24
2020,04.26,3,707,145,24
2020,04.27,3,710,145,24
2020,04.28,7,717,145,24
2020,04.29,4,721,150,24
2020,04.30,4,725,150,24
2020,05.01,4,729,192,24
2020,05.02,4,733,197,25
2020,05.03,0,733,197,25
2020,05.04,7,740,200,25
2020,05.05,1,741,206,25
2020,05.06,9,750,206,25
2020,05.07,34,784,220,25
2020,05.08,12,796,223,26
2020,05.09,13,809,234,26
2020,05.10,36,845,234,26
2020,05.11,14,859,234,26
2020,05.12,11,870,234,26
2020,05.13,8,878,236,26
2020,05.14,8,886,236,26
2020,05.15,5,891,246,26
2020,05.16,11,902,247,26
2020,05.17,9,911,247,26
2020,05.18,0,911,247,26
2020,05.19,43,954,251,26
2020,05.20,7,961,251,26
2020,05.21,63,1024,663,26
2020,05.22,62,1086,663,26
2020,05.23,11,1097,667,26
2020,05.24,17,1114,688,26
2020,05.25,5,1119,688,26
2020,05.26,21,1140,689,26
2020,05.27,21,1161,692,26
2020,05.28,7,1168,699,26
2020,05.29,4,1172,705,26
2020,05.30,19,1191,708,26
2020,05.31,29,1220,712,27
2020,06.01,13,1233,715,27
2020,06.02,9,1242,719,27
2020,06.03,0,1242,719,27
2020,06.04,64,1306,731,28
2020,06.05,6,1312,768,28
2020,06.06,8,1320,768,29
2020,06.07,11,1331,768,30
2020,06.08,19,1350,779,30
2020,06.09,18,1368,795,30
2020,06.10,0,1368,795,30
2020,06.11,34,1402,845,31
2020,06.12,20,1422,853,31
2020,06.13,20,1442,868,32
2020,06.14,4,1446,868,32
2020,06.15,18,1464,875,32
2020,06.16,9,1473,889,32
2020,06.17,16,1489,907,32
2020,06.18,6,1495,944,32
2020,06.19,15,1510,960,32
2020,06.20,26,1536,1006,32
2020,06.21,51,1587,1068,32
2020,06.22,16,1603,1077,32
2020,06.23,19,1622,1098,32
2020,06.24,22,1644,1103,33
2020,06.25,18,1662,1144,33
2020,06.26,35,1697,1144,33
2020,06.27,22,1719,1144,33
2020,06.28,21,1740,1153,34
2020,06.29,5,1745,1170,34
2020,06.30,0,1745,1170,34
2020,07.01,43,1788,1223,34
2020,07.02,8,1796,1242,35
2020,07.03,34,1830,1292,35
2020,07.04,25,1855,1304,35
2020,07.05,18,1873,1304,36
2020,07.06,12,1885,1311,36
2020,07.07,0,1885,1311,36
2020,07.08,61,1946,1368,36
2020,07.09,66,2012,1368,36
2020,07.10,-1,2011,1368,36
2020,07.11,71,2082,1402,36
2020,07.12,86,2168,1402,36
2020,07.13,166,2334,1420,36
2020,07.14,85,2419,1423,36
2020,07.15,32,2451,1452,37
2020,07.16,91,2542,1455,38
2020,07.17,57,2599,1485,40
2020,07.18,101,2700,1485,40
2020,07.19,75,2775,1485,40
2020,07.20,84,2859,1515,40
2020,07.21,46,2905,1562,41
2020,07.22,75,2980,1577,41
2020,07.23,124,3104,1607,43
2020,07.24,156,3260,1619,43
2020,07.25,147,3407,1666,46
2020,07.26,175,3582,1671,47
2020,07.27,168,3750,1692,51
2020,07.28,132,3882,1709,51
2020,07.29,141,4023,1710,54
2020,07.30,182,4205,1753,55
2020,07.31,129,4334,1753,57
2020,08.01,221,4555,1761,61
2020,08.02,175,4730,1761,61
2020,08.03,155,4885,1795,62
2020,08.04,177,5062,1837,65
2020,08.05,209,5271,1837,65
2020,08.06,146,5417,1880,68
2020,08.07,255,5672,1974,70
2020,08.08,279,5951,2042,70
2020,08.09,272,6223,2043,78
2020,08.10,294,6517,2127,78
2020,08.11,295,6812,2290,80
2020,08.12,309,7121,2377,87
2020,08.13,292,7413,2407,89
2020,08.14,298,7711,2496,92
2020,08.15,334,8045,2551,94
2020,08.16,397,8442,2650,97
2020,08.17,439,8881,2724,103
2020,08.18,456,9337,2809,105
2020,08.19,421,9758,2852,107
2020,08.20,589,10347,2928,109
2020,08.21,605,10952,3040,113
2020,08.22,628,11580,3204,116
2020,08.23,611,12191,3346,121
2020,08.24,507,12698,3625,123
2020,08.25,457,13155,3704,126
2020,08.26,532,13687,3723,138
2020,08.27,561,14248,3955,139
2020,08.28,689,14937,4133,146
2020,08.29,676,15613,4260,148
2020,08.30,662,16275,4484,155
2020,08.31,595,16870,4693,160
2020,09.01,438,17308,4811,167
2020,09.02,469,17777,4988,171
2020,09.03,598,18375,5195,177
2020,09.04,588,18963,5338,179
2020,09.05,527,19490,5592,183
2020,09.06,521,20011,5868,187
2020,09.07,415,20426,6139,191
2020,09.08,400,20826,6430,200
2020,09.09,498,21324,6722,207
2020,09.10,553,21877,7024,212
2020,09.11,560,22437,7312,219
2020,09.12,546,22983,7312,229
2020,09.13,686,23669,7936,239
2020,09.14,641,24310,8334,241
2020,09.15,1091,25401,8765,246
2020,09.16,48,25449,9216,252
2020,09.17,634,26083,9634,259
2020,09.18,685,26768,10217,263
2020,09.19,750,27518,10739,281
2020,09.20,779,28297,11440,286
2020,09.21,1006,29303,12047,297
2020,09.22,684,29987,12507,307
2020,09.23,865,30852,12878,315
2020,09.24,940,31792,13527,328
2020,09.25,1027,32819,14112,329
2020,09.26,1143,33962,14778,333
2020,09.27,1280,35242,15434,340
2020,09.28,1012,36254,16089,347
2020,09.29,1018,37272,16676,351
2020,09.30,1105,38377,17110,361
2020,10.01,1257,39634,17565,367
2020,10.02,1248,40882,18103,374
2020,10.03,1291,42173,18739,386
2020,10.04,1321,43494,19259,398
2020,10.05,988,44482,19782,406
2020,10.06,1175,45657,20243,414
2020,10.07,1261,46918,20490,424
2020,10.08,1459,48377,21120,433
2020,10.09,1367,49744,21760,439
2020,10.10,1426,51170,22407,450
2020,10.11,1388,52558,22719,455
2020,10.12,1010,53568,23501,459
2020,10.13,1056,54624,23941,466
2020,10.14,1245,55869,24581,479
2020,10.15,1377,57246,25164,499
2020,10.16,1499,58745,25994,501
2020,10.17,1368,60113,26468,509
2020,10.18,1171,61284,27197,517
2020,10.19,1002,62286,28062,520
2020,10.20,658,62944,28855,526
2020,10.21,1392,64336,29498,531
2020,10.22,1241,65577,30470,536
2020,10.23,1450,67027,31409,552
2020,10.24,1452,68479,32412,559
2020,10.25,1427,69906,33438,562
2020,10.26,1484,71390,34803,565
2020,10.27,796,72186,35545,579
2020,10.28,1809,73995,36797,590
2020,10.29,1850,75845,37787,602
2020,10.30,1933,77778,39123,610
2020,10.31,1751,79529,40352,625
2020,11.01,1699,81228,41624,637
2020,11.02,1389,82617,42904,643
2020,11.03,1080,83697,43885,652
2020,11.04,1512,85209,43885,667
2020,11.05,1888,87097,45032,676
2020,11.06,2089,89186,45820,683
2020,11.07,2142,91328,45820,700
2020,11.08,1769,93097,46602,713
2020,11.09,1139,94236,46602,723
2020,11.10,1119,95355,51728,732
2020,11.11,1552,96907,53360,749
2020,11.12,1922,98829,54869,763
2020,11.13,1874,100703,55706,775
2020,11.14,1904,102607,57693,796
2020,11.15,1660,104267,58538,806
2020,11.16,1163,105430,60416,817
2020,11.17,1016,106446,61263,827
2020,11.18,1507,107953,62395,839
2020,11.19,2084,110037,62528,852
2020,11.20,1909,111946,63404,868
2020,11.21,1709,113655,64685,884
2020,11.22,1628,115283,66135,894
2020,11.23,1193,116476,67667,900
2020,11.24,1041,117517,69079,911
2020,11.25,1188,118705,70555,934
2020,11.26,1636,120341,71236,950
2020,11.27,1859,122200,72152,974
2020,11.28,1782,123982,74008,980
2020,11.29,1696,125678,74950,991
2020,11.30,1266,126944,76774,1004
2020,12.01,1000,127944,83034,1018
2020,12.02,1511,129455,83034,1033
2020,12.03,1842,131297,83034,1055
2020,12.04,1520,132817,84142,1067
2020,12.05,1478,134295,86019,1078
2020,12.06,1581,135876,88096,1090
2020,12.07,1236,137112,90229,1099
2020,12.08,984,138096,90229,1115
2020,12.09,1039,139135,93100,1136
2020,12.10,1274,140409,94042,1156
2020,12.11,1778,142187,95737,1170
2020,12.12,1518,143705,97647,1182
2020,12.13,1540,145245,98584,1190
2020,12.14,1275,146520,101334,1200
2020,12.15,1093,147613,103057,1210
2020,12.16,1264,148877,104207,1223
2020,12.17,2056,150933,104207,1234
2020,12.18,2116,153049,106712,1248
2020,12.19,1895,154944,108737,1259
2020,12.20,1626,156570,110535,1270
2020,12.21,1534,158104,112333,1281
2020,12.22,1182,159286,113948,1294
2020,12.23,1693,160979,115124,1311
2020,12.24,2246,163225,116143,1333
2020,12.25,2708,165933,117311,1353
2020,12.26,2136,168069,118947,1367
2020,12.27,1403,169472,120780,1379
2020,12.28,1754,171226,122657,1394
2020,12.29,1594,172820,124234,1409
2020,12.30,2298,175118,125473,1430
2020,12.31,2878,177996,126460,1456
2021,01.01,3507,181503,127959,1468
2021,01.02,2385,183888,127959,1479
2021,01.03,2520,186408,131000,1489
2021,01.04,2870,189278,132768,1499
2021,01.05,2861,192139,134367,1512
2021,01.06,3620,195759,135596,1529
2021,01.07,4166,199925,136566,1550
2021,01.08,4774,204699,137582,1566
2021,01.09,5440,210139,138839,1570
2021,01.10,5414,215553,140569,1590
2021,01.11,3743,219296,142239,1606
2021,01.12,3095,222391,143716,1629
2021,01.13,4557,226948,144857,1705
2021,01.14,4988,231936,145873,1740
2021,01.15,5196,237132,147746,1781
2021,01.16,6154,243286,149108,1825
2021,01.17,5872,249158,151080,1866
2021,01.18,3654,252812,153038,1906
2021,01.19,3144,255956,154608,1959
2021,01.20,4359,260315,156084,2020
2021,01.21,4332,264647,157202,2084
2021,01.22,4594,269241,158822,2151
2021,01.23,3220,272461,162007,2208
2021,01.24,4126,276587,164348,2270
2021,01.25,3010,279597,165729,2320
2021,01.26,2652,282249,168142,2374
2021,01.27,3505,285754,168749,2477
2021,01.28,3906,289660,170067,2553
2021,01.29,3497,293157,172497,2621
2021,01.30,3125,296282,175397,2680
2021,01.31,2631,298913,178472,3031
2021,02.01,2139,301052,180877,3082
2021,02.02,2020,303072,183263,3145
2021,02.03,2770,305842,186052,3226
2021,02.04,3320,309162,188824,3315
2021,02.05,3107,312269,192324,3397
2021,02.06,3071,315340,194430,3495
2021,02.07,2496,317836,201137,3562
2021,02.08,2081,319917,206523,3616
2021,02.09,2063,321980,211879,3677
2021,02.10,2886,324866,215359,3737
2021,02.11,3157,328023,217578,3803
2021,02.12,3136,331159,222078,3866
2021,02.13,2934,334093,224380,3915
2021,02.14,2906,336999,226658,3961
2021,02.15,2130,339129,239293,3993
2021,02.16,1739,340868,245093,4037
2021,02.17,2733,343601,248720,4092
2021,02.18,2479,346080,250994,4152
2021,02.19,2730,348810,256109,4206
2021,02.20,2255,351065,260390,4257
2021,02.21,2306,353371,264894,4297
2021,02.22,1702,355073,268071,4340
2021,02.23,1541,356614,272200,4387
2021,02.24,2723,359337,275149,4446
2021,02.25,3513,362850,277741,4508
2021,02.26,3469,366319,281194,4560
2021,02.27,3373,369692,285050,4610
2021,02.28,3100,372792,288505,4652
2021,03.01,2258,375050,291590,4692
2021,03.02,1888,376938,294270,4743
2021,03.03,3098,380036,296237,4805
2021,03.04,3463,383499,298406,4866
2021,03.05,3369,386868,300923,4919
2021,03.06,3202,390070,304191,4971
2021,03.07,3158,393228,307256,5013
2021,03.08,2376,395604,310304,5046
2021,03.09,2283,397887,312747,5089
2021,03.10,3939,401826,314783,5134
2021,03.11,3581,405407,318800,5180
2021,03.12,3502,408909,319629,5230
2021,03.13,2930,411839,321990,5278
2021,03.14,3523,415362,325818,5334
2021,03.15,3086,418448,328706,5380
2021,03.16,1505,419953,331506,5422
2021,03.17,3480,423433,333648,5474
2021,03.18,3544,426977,335333,5536
2021,03.19,3757,430734,337975,5609
2021,03.20,3588,434322,340399,5664
2021,03.21,2253,436575,343099,5715
2021,03.22,2993,439568,343099,5757
2021,03.23,1446,441014,347563,5808
2021,03.24,3851,444865,349223,5850
2021,03.25,3856,448721,350694,5903
2021,03.26,3560,452281,353342,5964
2021,03.27,3100,455381,356820,6013
2021,03.28,2957,458338,360244,6058
2021,03.29,2724,461062,360244,6096
2021,03.30,0,461062,360244,6096
2021,03.31,0,461062,360244,6096
2021,04.01,7338,468400,370687,6234
2021,04.02,3562,471962,373833,6286
2021,04.03,2963,474925,377136,6346
2021,04.04,2188,477113,380472,6379
2021,04.05,2388,479501,380472,6409
2021,04.06,1001,480502,386768,6443
2021,04.07,2296,482798,390209,6479
2021,04.08,3120,485918,391197,6512
2021,04.09,3510,489428,395261,6549
2021,04.10,2500,491928,398699,6592
2021,04.11,2705,494633,402172,6630
2021,04.12,2213,496846,402172,6661
2021,04.13,1008,497854,406095,6703
2021,04.14,1985,499839,411710,6738
2021,04.15,2460,502299,413175,6778
2021,04.16,2501,504800,416624,6809
2021,04.17,2008,506808,420223,6854
2021,04.18,1695,508503,423848,6886
2021,04.19,1900,510403,423848,6925
2021,04.20,995,511398,429598,6959
2021,04.21,1608,513006,432548,6995
2021,04.22,2082,515088,433987,7027
2021,04.23,1512,516600,437808,7057
2021,04.24,1504,518104,441631,7090
2021,04.25,1511,519615,445163,7118
2021,04.26,1324,520939,445163,7142
2021,04.27,642,521581,451167,7171
2021,04.28,1182,522763,453865,7197
2021,04.29,1478,524241,455115,7224
2021,04.30,1336,525577,457758,7249
2021,05.01,1001,526578,461122,7278
2021,05.02,930,527508,464660,7302
2021,05.03,700,528208,464660,7324
2021,05.04,249,528457,464660,7345
2021,05.05,748,529205,472133,7368
2021,05.06,1012,530217,473114,7390
2021,05.07,1017,531234,475383,7415
2021,05.08,1035,532269,481968,7460
2021,05.09,0,532269,481968,7460
2021,05.10,570,532839,481968,7486
2021,05.11,302,533141,487126,7507
2021,05.12,544,533685,489319,7527
2021,05.13,703,534388,490305,7549
2021,05.14,580,534968,492270,7569
2021,05.15,0,534968,492270,7569
2021,05.16,478,535446,497198,7602
2021,05.17,307,535753,497198,7620
2021,05.18,201,535954,500872,7631
2021,05.19,600,536554,502762,7641
2021,05.20,489,537043,503774,7651
2021,05.21,394,537437,505348,7658
2021,05.22,450,537887,507424,7664
2021,05.23,331,538218,508930,7670
2021,05.24,300,538518,508930,7677
2021,05.25,150,538668,511931,7684
2021,05.26,323,538991,513249,7690
2021,05.27,280,539271,513884,7697
2021,05.28,319,539590,515058,7705
2021,05.29,298,539888,516530,7711
2021,05.30,244,540132,517859,7718
2021,05.31,145,540277,517859,7723
2021,06.01,111,540388,519779,7729
2021,06.02,242,540630,520473,7735
2021,06.03,214,540844,520717,7740
2021,06.04,165,541009,521458,7747
2021,06.05,223,541232,522465,7752
2021,06.06,191,541423,523476,7758
2021,06.07,134,541557,523476,7763
2021,06.08,71,541628,524500,7769
2021,06.09,173,541801,525065,7774
2021,06.10,139,541940,525065,7780
2021,06.11,435,542375,526598,7790
2021,06.12,0,542375,526598,7790
2021,06.13,0,542375,526598,7790
2021,06.14,274,542649,527645,7801
2021,06.15,0,542649,527645,7801
2021,06.16,0,542649,527645,7801
2021,06.17,0,542649,527645,7801
2021,06.18,0,542649,527645,7801
2021,06.19,0,542649,527645,7801
2021,06.20,0,542649,527645,7801
2021,06.21,0,542649,527645,7801
2021,06.22,902,543551,530393,7825
2021,06.23,147,543698,530689,7829
2021,06.24,167,543865,530689,7832
2021,06.25,137,544002,531156,7835
2021,06.26,163,544165,531432,7839
2021,06.27,126,544291,531749,7841
2021,06.28,163,544454,531749,7843
2021,06.29,66,544520,532287,7845
2021,06.30,185,544705,532429,7848
2021,07.01,161,544866,532537,7851
2021,07.02,150,545016,532776,7854
2021,07.03,210,545226,532988,7856
2021,07.04,137,545363,533150,7859
2021,07.05,207,545570,533150,7861
2021,07.06,101,545671,533560,7863
2021,07.07,294,545965,533692,7865
2021,07.08,401,546366,533761,7867
2021,07.09,400,546766,533932,7869
2021,07.10,404,547170,534069,7871
2021,07.11,327,547497,534296,7873
2021,07.12,314,547811,534296,7875
2021,07.13,150,547961,534646,7877
2021,07.14,494,548455,534725,7879
2021,07.15,517,548972,534768,7881
2021,07.16,455,549427,534937,7882
2021,07.17,577,550004,535051,7883
2021,07.18,488,550492,535216,7884
2021,07.19,450,550942,535216,7885
2021,07.20,215,551157,535485,7886
2021,07.21,632,551789,535485,7887
2021,07.22,539,552328,535663,7888
2021,07.23,543,552871,535663,7889
2021,07.24,0,552871,535663,7889
2021,07.25,1587,554458,536111,7891
2021,07.26,844,555302,536111,7892
2021,07.27,341,555643,536397,7894
2021,07.28,1502,557145,536559,7895
2021,07.29,1224,558369,536623,7897
2021,07.30,1104,559473,536805,7900
2021,07.31,923,560396,536963,7903
2021,08.01,984,561380,537111,7906
2021,08.02,1147,562527,537111,7909
2021,08.03,597,563124,537451,7912
2021,08.04,1230,564354,537653,7917
2021,08.05,1542,565896,537653,7921
2021,08.06,1148,567044,537653,7926
2021,08.07,0,567044,537653,7926
2021,08.08,1461,568505,537653,7932
2021,08.09,3145,571650,537653,7943
2021,08.10,751,572401,537653,7948
2021,08.11,1558,573959,537653,7952
2021,08.12,2591,576550,537653,7958
2021,08.13,1817,578367,537653,7962
2021,08.14,1632,579999,537653,7967
2021,08.15,1498,581497,537653,7972
2021,08.16,1515,583012,537653,7976
2021,08.17,706,583718,537653,7982
2021,08.18,1178,584896,537653,7988
2021,08.19,1689,586585,537653,7993
2021,08.20,1993,588578,537653,7999
2021,08.21,1019,589597,537653,8004
2021,08.22,1386,590983,537653,8008
2021,08.23,1173,592156,537653,8011
2021,08.24,624,592780,537653,8014
2021,08.25,1149,593929,537653,8019
2021,08.26,1593,595522,537653,8024
2021,08.27,1332,596854,537653,8031
2021,08.28,1124,597978,537653,8035
